(kicad_pcb (version 20171130) (host pcbnew "(5.1.10)-1")

  (general
    (thickness 1.6)
    (drawings 11)
    (tracks 646)
    (zones 0)
    (modules 46)
    (nets 109)
  )

  (page A4)
  (layers
    (0 F.Cu signal)
    (31 B.Cu mixed)
    (32 B.Adhes user)
    (33 F.Adhes user)
    (34 B.Paste user)
    (35 F.Paste user)
    (36 B.SilkS user)
    (37 F.SilkS user)
    (38 B.Mask user)
    (39 F.Mask user)
    (40 Dwgs.User user)
    (41 Cmts.User user)
    (42 Eco1.User user)
    (43 Eco2.User user)
    (44 Edge.Cuts user)
    (45 Margin user)
    (46 B.CrtYd user)
    (47 F.CrtYd user)
    (48 B.Fab user)
    (49 F.Fab user)
  )

  (setup
    (last_trace_width 0.25)
    (user_trace_width 0.2)
    (user_trace_width 0.32)
    (user_trace_width 0.4)
    (user_trace_width 0.6)
    (trace_clearance 0.2)
    (zone_clearance 0.508)
    (zone_45_only no)
    (trace_min 0.2)
    (via_size 0.8)
    (via_drill 0.4)
    (via_min_size 0.4)
    (via_min_drill 0.3)
    (uvia_size 0.3)
    (uvia_drill 0.1)
    (uvias_allowed no)
    (uvia_min_size 0.2)
    (uvia_min_drill 0.1)
    (edge_width 0.05)
    (segment_width 0.2)
    (pcb_text_width 0.3)
    (pcb_text_size 1.5 1.5)
    (mod_edge_width 0.12)
    (mod_text_size 1 1)
    (mod_text_width 0.15)
    (pad_size 1.524 1.524)
    (pad_drill 0.762)
    (pad_to_mask_clearance 0)
    (aux_axis_origin 0 0)
    (visible_elements 7FFFFFFF)
    (pcbplotparams
      (layerselection 0x010fc_ffffffff)
      (usegerberextensions false)
      (usegerberattributes true)
      (usegerberadvancedattributes true)
      (creategerberjobfile true)
      (excludeedgelayer true)
      (linewidth 0.100000)
      (plotframeref false)
      (viasonmask false)
      (mode 1)
      (useauxorigin false)
      (hpglpennumber 1)
      (hpglpenspeed 20)
      (hpglpendiameter 15.000000)
      (psnegative false)
      (psa4output false)
      (plotreference true)
      (plotvalue true)
      (plotinvisibletext false)
      (padsonsilk false)
      (subtractmaskfromsilk false)
      (outputformat 1)
      (mirror false)
      (drillshape 0)
      (scaleselection 1)
      (outputdirectory "Gerber/"))
  )

  (net 0 "")
  (net 1 GND)
  (net 2 +3V3)
  (net 3 "Net-(U1-Pad13)")
  (net 4 "Net-(U1-Pad14)")
  (net 5 "Net-(U1-Pad16)")
  (net 6 "Net-(U1-Pad17)")
  (net 7 "Net-(U1-Pad20)")
  (net 8 "Net-(U1-Pad21)")
  (net 9 "Net-(U1-Pad22)")
  (net 10 "Net-(U1-Pad23)")
  (net 11 "Net-(U1-Pad27)")
  (net 12 IO0)
  (net 13 VBUS)
  (net 14 EN)
  (net 15 "Net-(D1-Pad2)")
  (net 16 D+)
  (net 17 D-)
  (net 18 "Net-(D3-Pad2)")
  (net 19 "Net-(Q1-Pad2)")
  (net 20 RTS)
  (net 21 DTR)
  (net 22 "Net-(Q2-Pad2)")
  (net 23 TXD)
  (net 24 RXD)
  (net 25 "Net-(J2-Pad46)")
  (net 26 "Net-(J2-Pad39)")
  (net 27 "Net-(J2-Pad38)")
  (net 28 "Net-(J2-Pad37)")
  (net 29 "Net-(J2-Pad15)")
  (net 30 "Net-(J2-Pad14)")
  (net 31 "Net-(J2-Pad13)")
  (net 32 "Net-(J2-Pad12)")
  (net 33 "Net-(J2-PadS2)")
  (net 34 "Net-(J2-PadS1)")
  (net 35 "Net-(J2-Pad5)")
  (net 36 "Net-(J2-Pad4)")
  (net 37 "Net-(J1-PadA5)")
  (net 38 "Net-(J1-PadA2)")
  (net 39 "Net-(J1-PadA3)")
  (net 40 "Net-(J1-PadA10)")
  (net 41 "Net-(J1-PadA8)")
  (net 42 "Net-(J1-PadA11)")
  (net 43 "Net-(J1-PadB2)")
  (net 44 "Net-(J1-PadB3)")
  (net 45 "Net-(J1-PadB8)")
  (net 46 "Net-(J1-PadB10)")
  (net 47 "Net-(J1-PadB11)")
  (net 48 "Net-(J1-PadB5)")
  (net 49 "Net-(J2-Pad49)")
  (net 50 "Net-(J2-Pad48)")
  (net 51 "Net-(J2-Pad47)")
  (net 52 "Net-(J2-Pad40)")
  (net 53 "Net-(J2-Pad19)")
  (net 54 "Net-(J2-Pad18)")
  (net 55 "Net-(J2-Pad17)")
  (net 56 "Net-(J2-Pad16)")
  (net 57 "Net-(J2-Pad7)")
  (net 58 "Net-(J2-Pad6)")
  (net 59 "Net-(J2-Pad36)")
  (net 60 "Net-(J2-Pad35)")
  (net 61 "Net-(J2-Pad34)")
  (net 62 "Net-(J2-Pad33)")
  (net 63 "Net-(J2-Pad32)")
  (net 64 "Net-(J2-Pad31)")
  (net 65 "Net-(J2-Pad30)")
  (net 66 "Net-(J2-Pad29)")
  (net 67 "Net-(J2-Pad28)")
  (net 68 "Net-(J2-Pad27)")
  (net 69 "Net-(J2-Pad26)")
  (net 70 "Net-(J2-Pad25)")
  (net 71 "Net-(J2-Pad24)")
  (net 72 "Net-(J2-Pad23)")
  (net 73 "Net-(J2-Pad22)")
  (net 74 "Net-(J2-Pad21)")
  (net 75 "Net-(J2-Pad20)")
  (net 76 "Net-(D3-Pad1)")
  (net 77 "Net-(D4-Pad2)")
  (net 78 "Net-(D4-Pad1)")
  (net 79 "Net-(D5-Pad2)")
  (net 80 "Net-(R1-Pad2)")
  (net 81 "Net-(R4-Pad2)")
  (net 82 "Net-(R6-Pad1)")
  (net 83 "Net-(U1-Pad1)")
  (net 84 "Net-(U1-Pad2)")
  (net 85 "Net-(U1-Pad10)")
  (net 86 "Net-(U1-Pad12)")
  (net 87 "Net-(U1-Pad15)")
  (net 88 "Net-(U2-Pad4)")
  (net 89 "Net-(U2-Pad5)")
  (net 90 "Net-(U2-Pad6)")
  (net 91 "Net-(U2-Pad7)")
  (net 92 "Net-(U2-Pad8)")
  (net 93 "Net-(U2-Pad9)")
  (net 94 "Net-(U2-Pad13)")
  (net 95 "Net-(U2-Pad14)")
  (net 96 "Net-(U2-Pad16)")
  (net 97 "Net-(U2-Pad17)")
  (net 98 "Net-(U2-Pad18)")
  (net 99 "Net-(U2-Pad19)")
  (net 100 "Net-(U2-Pad20)")
  (net 101 "Net-(U2-Pad21)")
  (net 102 "Net-(U2-Pad22)")
  (net 103 "Net-(U2-Pad23)")
  (net 104 "Net-(U2-Pad24)")
  (net 105 "Net-(U2-Pad26)")
  (net 106 "Net-(U2-Pad27)")
  (net 107 "Net-(U2-Pad28)")
  (net 108 "Net-(U2-Pad32)")

  (net_class Default "This is the default net class."
    (clearance 0.2)
    (trace_width 0.25)
    (via_dia 0.8)
    (via_drill 0.4)
    (uvia_dia 0.3)
    (uvia_drill 0.1)
    (add_net +3V3)
    (add_net D+)
    (add_net D-)
    (add_net DTR)
    (add_net EN)
    (add_net GND)
    (add_net IO0)
    (add_net "Net-(D1-Pad2)")
    (add_net "Net-(D3-Pad1)")
    (add_net "Net-(D3-Pad2)")
    (add_net "Net-(D4-Pad1)")
    (add_net "Net-(D4-Pad2)")
    (add_net "Net-(D5-Pad2)")
    (add_net "Net-(J1-PadA10)")
    (add_net "Net-(J1-PadA11)")
    (add_net "Net-(J1-PadA2)")
    (add_net "Net-(J1-PadA3)")
    (add_net "Net-(J1-PadA5)")
    (add_net "Net-(J1-PadA8)")
    (add_net "Net-(J1-PadB10)")
    (add_net "Net-(J1-PadB11)")
    (add_net "Net-(J1-PadB2)")
    (add_net "Net-(J1-PadB3)")
    (add_net "Net-(J1-PadB5)")
    (add_net "Net-(J1-PadB8)")
    (add_net "Net-(J2-Pad12)")
    (add_net "Net-(J2-Pad13)")
    (add_net "Net-(J2-Pad14)")
    (add_net "Net-(J2-Pad15)")
    (add_net "Net-(J2-Pad16)")
    (add_net "Net-(J2-Pad17)")
    (add_net "Net-(J2-Pad18)")
    (add_net "Net-(J2-Pad19)")
    (add_net "Net-(J2-Pad20)")
    (add_net "Net-(J2-Pad21)")
    (add_net "Net-(J2-Pad22)")
    (add_net "Net-(J2-Pad23)")
    (add_net "Net-(J2-Pad24)")
    (add_net "Net-(J2-Pad25)")
    (add_net "Net-(J2-Pad26)")
    (add_net "Net-(J2-Pad27)")
    (add_net "Net-(J2-Pad28)")
    (add_net "Net-(J2-Pad29)")
    (add_net "Net-(J2-Pad30)")
    (add_net "Net-(J2-Pad31)")
    (add_net "Net-(J2-Pad32)")
    (add_net "Net-(J2-Pad33)")
    (add_net "Net-(J2-Pad34)")
    (add_net "Net-(J2-Pad35)")
    (add_net "Net-(J2-Pad36)")
    (add_net "Net-(J2-Pad37)")
    (add_net "Net-(J2-Pad38)")
    (add_net "Net-(J2-Pad39)")
    (add_net "Net-(J2-Pad4)")
    (add_net "Net-(J2-Pad40)")
    (add_net "Net-(J2-Pad46)")
    (add_net "Net-(J2-Pad47)")
    (add_net "Net-(J2-Pad48)")
    (add_net "Net-(J2-Pad49)")
    (add_net "Net-(J2-Pad5)")
    (add_net "Net-(J2-Pad6)")
    (add_net "Net-(J2-Pad7)")
    (add_net "Net-(J2-PadS1)")
    (add_net "Net-(J2-PadS2)")
    (add_net "Net-(Q1-Pad2)")
    (add_net "Net-(Q2-Pad2)")
    (add_net "Net-(R1-Pad2)")
    (add_net "Net-(R4-Pad2)")
    (add_net "Net-(R6-Pad1)")
    (add_net "Net-(U1-Pad1)")
    (add_net "Net-(U1-Pad10)")
    (add_net "Net-(U1-Pad12)")
    (add_net "Net-(U1-Pad13)")
    (add_net "Net-(U1-Pad14)")
    (add_net "Net-(U1-Pad15)")
    (add_net "Net-(U1-Pad16)")
    (add_net "Net-(U1-Pad17)")
    (add_net "Net-(U1-Pad2)")
    (add_net "Net-(U1-Pad20)")
    (add_net "Net-(U1-Pad21)")
    (add_net "Net-(U1-Pad22)")
    (add_net "Net-(U1-Pad23)")
    (add_net "Net-(U1-Pad27)")
    (add_net "Net-(U2-Pad13)")
    (add_net "Net-(U2-Pad14)")
    (add_net "Net-(U2-Pad16)")
    (add_net "Net-(U2-Pad17)")
    (add_net "Net-(U2-Pad18)")
    (add_net "Net-(U2-Pad19)")
    (add_net "Net-(U2-Pad20)")
    (add_net "Net-(U2-Pad21)")
    (add_net "Net-(U2-Pad22)")
    (add_net "Net-(U2-Pad23)")
    (add_net "Net-(U2-Pad24)")
    (add_net "Net-(U2-Pad26)")
    (add_net "Net-(U2-Pad27)")
    (add_net "Net-(U2-Pad28)")
    (add_net "Net-(U2-Pad32)")
    (add_net "Net-(U2-Pad4)")
    (add_net "Net-(U2-Pad5)")
    (add_net "Net-(U2-Pad6)")
    (add_net "Net-(U2-Pad7)")
    (add_net "Net-(U2-Pad8)")
    (add_net "Net-(U2-Pad9)")
    (add_net RTS)
    (add_net RXD)
    (add_net TXD)
    (add_net VBUS)
  )

  (module RF_Module:ESP32-WROOM-32 (layer F.Cu) (tedit 5B5B4654) (tstamp 6164B14E)
    (at 144.469001 112.978999 90)
    (descr "Single 2.4 GHz Wi-Fi and Bluetooth combo chip https://www.espressif.com/sites/default/files/documentation/esp32-wroom-32_datasheet_en.pdf")
    (tags "Single 2.4 GHz Wi-Fi and Bluetooth combo  chip")
    (path /612D8DA1)
    (attr smd)
    (fp_text reference U2 (at 1.663499 4.819499) (layer F.SilkS)
      (effects (font (size 1 1) (thickness 0.15)))
    )
    (fp_text value "1965-ESP32-WROOM-32E(8MB)CT-ND" (at -0.051001 -22.612501 90) (layer F.Fab)
      (effects (font (size 1 1) (thickness 0.15)))
    )
    (fp_line (start -14 -9.97) (end -14 -20.75) (layer Dwgs.User) (width 0.1))
    (fp_line (start 9 9.76) (end 9 -15.745) (layer F.Fab) (width 0.1))
    (fp_line (start -9 9.76) (end 9 9.76) (layer F.Fab) (width 0.1))
    (fp_line (start -9 -15.745) (end -9 -10.02) (layer F.Fab) (width 0.1))
    (fp_line (start -9 -15.745) (end 9 -15.745) (layer F.Fab) (width 0.1))
    (fp_line (start -9.75 10.5) (end -9.75 -9.72) (layer F.CrtYd) (width 0.05))
    (fp_line (start -9.75 10.5) (end 9.75 10.5) (layer F.CrtYd) (width 0.05))
    (fp_line (start 9.75 -9.72) (end 9.75 10.5) (layer F.CrtYd) (width 0.05))
    (fp_line (start -14.25 -21) (end 14.25 -21) (layer F.CrtYd) (width 0.05))
    (fp_line (start -9 -9.02) (end -9 9.76) (layer F.Fab) (width 0.1))
    (fp_line (start -8.5 -9.52) (end -9 -10.02) (layer F.Fab) (width 0.1))
    (fp_line (start -9 -9.02) (end -8.5 -9.52) (layer F.Fab) (width 0.1))
    (fp_line (start 14 -9.97) (end -14 -9.97) (layer Dwgs.User) (width 0.1))
    (fp_line (start 14 -9.97) (end 14 -20.75) (layer Dwgs.User) (width 0.1))
    (fp_line (start 14 -20.75) (end -14 -20.75) (layer Dwgs.User) (width 0.1))
    (fp_line (start -14.25 -21) (end -14.25 -9.72) (layer F.CrtYd) (width 0.05))
    (fp_line (start 14.25 -21) (end 14.25 -9.72) (layer F.CrtYd) (width 0.05))
    (fp_line (start -14.25 -9.72) (end -9.75 -9.72) (layer F.CrtYd) (width 0.05))
    (fp_line (start 9.75 -9.72) (end 14.25 -9.72) (layer F.CrtYd) (width 0.05))
    (fp_line (start -12.525 -20.75) (end -14 -19.66) (layer Dwgs.User) (width 0.1))
    (fp_line (start -10.525 -20.75) (end -14 -18.045) (layer Dwgs.User) (width 0.1))
    (fp_line (start -8.525 -20.75) (end -14 -16.43) (layer Dwgs.User) (width 0.1))
    (fp_line (start -6.525 -20.75) (end -14 -14.815) (layer Dwgs.User) (width 0.1))
    (fp_line (start -4.525 -20.75) (end -14 -13.2) (layer Dwgs.User) (width 0.1))
    (fp_line (start -2.525 -20.75) (end -14 -11.585) (layer Dwgs.User) (width 0.1))
    (fp_line (start -0.525 -20.75) (end -14 -9.97) (layer Dwgs.User) (width 0.1))
    (fp_line (start 1.475 -20.75) (end -12 -9.97) (layer Dwgs.User) (width 0.1))
    (fp_line (start 3.475 -20.75) (end -10 -9.97) (layer Dwgs.User) (width 0.1))
    (fp_line (start -8 -9.97) (end 5.475 -20.75) (layer Dwgs.User) (width 0.1))
    (fp_line (start 7.475 -20.75) (end -6 -9.97) (layer Dwgs.User) (width 0.1))
    (fp_line (start 9.475 -20.75) (end -4 -9.97) (layer Dwgs.User) (width 0.1))
    (fp_line (start 11.475 -20.75) (end -2 -9.97) (layer Dwgs.User) (width 0.1))
    (fp_line (start 13.475 -20.75) (end 0 -9.97) (layer Dwgs.User) (width 0.1))
    (fp_line (start 14 -19.66) (end 2 -9.97) (layer Dwgs.User) (width 0.1))
    (fp_line (start 14 -18.045) (end 4 -9.97) (layer Dwgs.User) (width 0.1))
    (fp_line (start 14 -16.43) (end 6 -9.97) (layer Dwgs.User) (width 0.1))
    (fp_line (start 14 -14.815) (end 8 -9.97) (layer Dwgs.User) (width 0.1))
    (fp_line (start 14 -13.2) (end 10 -9.97) (layer Dwgs.User) (width 0.1))
    (fp_line (start 14 -11.585) (end 12 -9.97) (layer Dwgs.User) (width 0.1))
    (fp_line (start 9.2 -13.875) (end 13.8 -13.875) (layer Cmts.User) (width 0.1))
    (fp_line (start 13.8 -13.875) (end 13.6 -14.075) (layer Cmts.User) (width 0.1))
    (fp_line (start 13.8 -13.875) (end 13.6 -13.675) (layer Cmts.User) (width 0.1))
    (fp_line (start 9.2 -13.875) (end 9.4 -14.075) (layer Cmts.User) (width 0.1))
    (fp_line (start 9.2 -13.875) (end 9.4 -13.675) (layer Cmts.User) (width 0.1))
    (fp_line (start -13.8 -13.875) (end -13.6 -14.075) (layer Cmts.User) (width 0.1))
    (fp_line (start -13.8 -13.875) (end -13.6 -13.675) (layer Cmts.User) (width 0.1))
    (fp_line (start -9.2 -13.875) (end -9.4 -13.675) (layer Cmts.User) (width 0.1))
    (fp_line (start -13.8 -13.875) (end -9.2 -13.875) (layer Cmts.User) (width 0.1))
    (fp_line (start -9.2 -13.875) (end -9.4 -14.075) (layer Cmts.User) (width 0.1))
    (fp_line (start 8.4 -16) (end 8.2 -16.2) (layer Cmts.User) (width 0.1))
    (fp_line (start 8.4 -16) (end 8.6 -16.2) (layer Cmts.User) (width 0.1))
    (fp_line (start 8.4 -20.6) (end 8.6 -20.4) (layer Cmts.User) (width 0.1))
    (fp_line (start 8.4 -16) (end 8.4 -20.6) (layer Cmts.User) (width 0.1))
    (fp_line (start 8.4 -20.6) (end 8.2 -20.4) (layer Cmts.User) (width 0.1))
    (fp_line (start -9.12 9.1) (end -9.12 9.88) (layer F.SilkS) (width 0.12))
    (fp_line (start -9.12 9.88) (end -8.12 9.88) (layer F.SilkS) (width 0.12))
    (fp_line (start 9.12 9.1) (end 9.12 9.88) (layer F.SilkS) (width 0.12))
    (fp_line (start 9.12 9.88) (end 8.12 9.88) (layer F.SilkS) (width 0.12))
    (fp_line (start -9.12 -15.865) (end 9.12 -15.865) (layer F.SilkS) (width 0.12))
    (fp_line (start 9.12 -15.865) (end 9.12 -9.445) (layer F.SilkS) (width 0.12))
    (fp_line (start -9.12 -15.865) (end -9.12 -9.445) (layer F.SilkS) (width 0.12))
    (fp_line (start -9.12 -9.445) (end -9.5 -9.445) (layer F.SilkS) (width 0.12))
    (fp_text user %R (at 0 0 90) (layer F.Fab)
      (effects (font (size 1 1) (thickness 0.15)))
    )
    (fp_text user "KEEP-OUT ZONE" (at 0 -19 90) (layer Cmts.User)
      (effects (font (size 1 1) (thickness 0.15)))
    )
    (fp_text user Antenna (at 0 -13 90) (layer Cmts.User)
      (effects (font (size 1 1) (thickness 0.15)))
    )
    (fp_text user "5 mm" (at 11.8 -14.375 90) (layer Cmts.User)
      (effects (font (size 0.5 0.5) (thickness 0.1)))
    )
    (fp_text user "5 mm" (at -11.2 -14.375 90) (layer Cmts.User)
      (effects (font (size 0.5 0.5) (thickness 0.1)))
    )
    (fp_text user "5 mm" (at 7.8 -19.075) (layer Cmts.User)
      (effects (font (size 0.5 0.5) (thickness 0.1)))
    )
    (pad 39 smd rect (at -1 -0.755 90) (size 5 5) (layers F.Cu F.Paste F.Mask)
      (net 1 GND))
    (pad 1 smd rect (at -8.5 -8.255 90) (size 2 0.9) (layers F.Cu F.Paste F.Mask)
      (net 1 GND))
    (pad 2 smd rect (at -8.5 -6.985 90) (size 2 0.9) (layers F.Cu F.Paste F.Mask)
      (net 2 +3V3))
    (pad 3 smd rect (at -8.5 -5.715 90) (size 2 0.9) (layers F.Cu F.Paste F.Mask)
      (net 14 EN))
    (pad 4 smd rect (at -8.5 -4.445 90) (size 2 0.9) (layers F.Cu F.Paste F.Mask)
      (net 88 "Net-(U2-Pad4)"))
    (pad 5 smd rect (at -8.5 -3.175 90) (size 2 0.9) (layers F.Cu F.Paste F.Mask)
      (net 89 "Net-(U2-Pad5)"))
    (pad 6 smd rect (at -8.5 -1.905 90) (size 2 0.9) (layers F.Cu F.Paste F.Mask)
      (net 90 "Net-(U2-Pad6)"))
    (pad 7 smd rect (at -8.5 -0.635 90) (size 2 0.9) (layers F.Cu F.Paste F.Mask)
      (net 91 "Net-(U2-Pad7)"))
    (pad 8 smd rect (at -8.5 0.635 90) (size 2 0.9) (layers F.Cu F.Paste F.Mask)
      (net 92 "Net-(U2-Pad8)"))
    (pad 9 smd rect (at -8.5 1.905 90) (size 2 0.9) (layers F.Cu F.Paste F.Mask)
      (net 93 "Net-(U2-Pad9)"))
    (pad 10 smd rect (at -8.5 3.175 90) (size 2 0.9) (layers F.Cu F.Paste F.Mask)
      (net 35 "Net-(J2-Pad5)"))
    (pad 11 smd rect (at -8.5 4.445 90) (size 2 0.9) (layers F.Cu F.Paste F.Mask)
      (net 29 "Net-(J2-Pad15)"))
    (pad 12 smd rect (at -8.5 5.715 90) (size 2 0.9) (layers F.Cu F.Paste F.Mask)
      (net 36 "Net-(J2-Pad4)"))
    (pad 13 smd rect (at -8.5 6.985 90) (size 2 0.9) (layers F.Cu F.Paste F.Mask)
      (net 94 "Net-(U2-Pad13)"))
    (pad 14 smd rect (at -8.5 8.255 90) (size 2 0.9) (layers F.Cu F.Paste F.Mask)
      (net 95 "Net-(U2-Pad14)"))
    (pad 15 smd rect (at -5.715 9.255 180) (size 2 0.9) (layers F.Cu F.Paste F.Mask)
      (net 1 GND))
    (pad 16 smd rect (at -4.445 9.255 180) (size 2 0.9) (layers F.Cu F.Paste F.Mask)
      (net 96 "Net-(U2-Pad16)"))
    (pad 17 smd rect (at -3.175 9.255 180) (size 2 0.9) (layers F.Cu F.Paste F.Mask)
      (net 97 "Net-(U2-Pad17)"))
    (pad 18 smd rect (at -1.905 9.255 180) (size 2 0.9) (layers F.Cu F.Paste F.Mask)
      (net 98 "Net-(U2-Pad18)"))
    (pad 19 smd rect (at -0.635 9.255 180) (size 2 0.9) (layers F.Cu F.Paste F.Mask)
      (net 99 "Net-(U2-Pad19)"))
    (pad 20 smd rect (at 0.635 9.255 180) (size 2 0.9) (layers F.Cu F.Paste F.Mask)
      (net 100 "Net-(U2-Pad20)"))
    (pad 21 smd rect (at 1.905 9.255 180) (size 2 0.9) (layers F.Cu F.Paste F.Mask)
      (net 101 "Net-(U2-Pad21)"))
    (pad 22 smd rect (at 3.175 9.255 180) (size 2 0.9) (layers F.Cu F.Paste F.Mask)
      (net 102 "Net-(U2-Pad22)"))
    (pad 23 smd rect (at 4.445 9.255 180) (size 2 0.9) (layers F.Cu F.Paste F.Mask)
      (net 103 "Net-(U2-Pad23)"))
    (pad 24 smd rect (at 5.715 9.255 180) (size 2 0.9) (layers F.Cu F.Paste F.Mask)
      (net 104 "Net-(U2-Pad24)"))
    (pad 25 smd rect (at 8.5 8.255 90) (size 2 0.9) (layers F.Cu F.Paste F.Mask)
      (net 12 IO0))
    (pad 26 smd rect (at 8.5 6.985 90) (size 2 0.9) (layers F.Cu F.Paste F.Mask)
      (net 105 "Net-(U2-Pad26)"))
    (pad 27 smd rect (at 8.5 5.715 90) (size 2 0.9) (layers F.Cu F.Paste F.Mask)
      (net 106 "Net-(U2-Pad27)"))
    (pad 28 smd rect (at 8.5 4.445 90) (size 2 0.9) (layers F.Cu F.Paste F.Mask)
      (net 107 "Net-(U2-Pad28)"))
    (pad 29 smd rect (at 8.5 3.175 90) (size 2 0.9) (layers F.Cu F.Paste F.Mask)
      (net 31 "Net-(J2-Pad13)"))
    (pad 30 smd rect (at 8.5 1.905 90) (size 2 0.9) (layers F.Cu F.Paste F.Mask)
      (net 30 "Net-(J2-Pad14)"))
    (pad 31 smd rect (at 8.5 0.635 90) (size 2 0.9) (layers F.Cu F.Paste F.Mask)
      (net 54 "Net-(J2-Pad18)"))
    (pad 32 smd rect (at 8.5 -0.635 90) (size 2 0.9) (layers F.Cu F.Paste F.Mask)
      (net 108 "Net-(U2-Pad32)"))
    (pad 33 smd rect (at 8.5 -1.905 90) (size 2 0.9) (layers F.Cu F.Paste F.Mask)
      (net 58 "Net-(J2-Pad6)"))
    (pad 34 smd rect (at 8.5 -3.175 90) (size 2 0.9) (layers F.Cu F.Paste F.Mask)
      (net 24 RXD))
    (pad 35 smd rect (at 8.5 -4.445 90) (size 2 0.9) (layers F.Cu F.Paste F.Mask)
      (net 23 TXD))
    (pad 36 smd rect (at 8.5 -5.715 90) (size 2 0.9) (layers F.Cu F.Paste F.Mask)
      (net 57 "Net-(J2-Pad7)"))
    (pad 37 smd rect (at 8.5 -6.985 90) (size 2 0.9) (layers F.Cu F.Paste F.Mask)
      (net 55 "Net-(J2-Pad17)"))
    (pad 38 smd rect (at 8.5 -8.255 90) (size 2 0.9) (layers F.Cu F.Paste F.Mask)
      (net 1 GND))
    (model ${KISYS3DMOD}/RF_Module.3dshapes/ESP32-WROOM-32.wrl
      (at (xyz 0 0 0))
      (scale (xyz 1 1 1))
      (rotate (xyz 0 0 0))
    )
  )

  (module 62684-50110:62684-50110 (layer F.Cu) (tedit 6133B390) (tstamp 6134D65D)
    (at 185.1152 85.4202 270)
    (descr "50-pin 0.5mm pitch top-contact FPC SMT Connector")
    (path /6133B4EE)
    (attr smd)
    (fp_text reference J2 (at -0.095 -10.762) (layer F.SilkS)
      (effects (font (size 0.64 0.64) (thickness 0.15)))
    )
    (fp_text value 62684-50110 (at -3.6322 4.7752) (layer F.Fab)
      (effects (font (size 0.64 0.64) (thickness 0.15)))
    )
    (fp_circle (center -3.45 -12.15) (end -3.45 -12.25) (layer F.SilkS) (width 0.2))
    (fp_circle (center -3.45 -12.15) (end -3.45 -12.25) (layer F.Fab) (width 0.2))
    (fp_line (start -2.15 15.815) (end 2.25 15.815) (layer F.Fab) (width 0.127))
    (fp_line (start 2.25 15.815) (end 2.25 -14.615) (layer F.Fab) (width 0.127))
    (fp_line (start 2.25 -14.615) (end -2.15 -14.615) (layer F.Fab) (width 0.127))
    (fp_line (start -2.15 15.815) (end -2.15 -14.615) (layer F.Fab) (width 0.127))
    (fp_line (start 2.25 15.815) (end 2.25 -14.615) (layer F.SilkS) (width 0.127))
    (fp_line (start 2.25 -14.615) (end 1.3 -14.615) (layer F.SilkS) (width 0.127))
    (fp_line (start 2.25 15.815) (end 1.3 15.815) (layer F.SilkS) (width 0.127))
    (fp_line (start -3.1 16.065) (end 2.5 16.065) (layer F.CrtYd) (width 0.05))
    (fp_line (start 2.5 16.065) (end 2.5 -14.865) (layer F.CrtYd) (width 0.05))
    (fp_line (start 2.5 -14.865) (end -3.1 -14.865) (layer F.CrtYd) (width 0.05))
    (fp_line (start -3.1 -14.865) (end -3.1 16.065) (layer F.CrtYd) (width 0.05))
    (pad 50 smd rect (at -2 12.85 180) (size 0.3 1.1) (layers F.Cu F.Paste F.Mask)
      (net 1 GND))
    (pad 49 smd rect (at -2 12.35 180) (size 0.3 1.1) (layers F.Cu F.Paste F.Mask)
      (net 49 "Net-(J2-Pad49)"))
    (pad 48 smd rect (at -2 11.85 180) (size 0.3 1.1) (layers F.Cu F.Paste F.Mask)
      (net 50 "Net-(J2-Pad48)"))
    (pad 47 smd rect (at -2 11.35 180) (size 0.3 1.1) (layers F.Cu F.Paste F.Mask)
      (net 51 "Net-(J2-Pad47)"))
    (pad 46 smd rect (at -2 10.85 180) (size 0.3 1.1) (layers F.Cu F.Paste F.Mask)
      (net 25 "Net-(J2-Pad46)"))
    (pad 45 smd rect (at -2 10.35 180) (size 0.3 1.1) (layers F.Cu F.Paste F.Mask)
      (net 1 GND))
    (pad 44 smd rect (at -2 9.85 180) (size 0.3 1.1) (layers F.Cu F.Paste F.Mask)
      (net 2 +3V3))
    (pad 43 smd rect (at -2 9.35 180) (size 0.3 1.1) (layers F.Cu F.Paste F.Mask)
      (net 2 +3V3))
    (pad 42 smd rect (at -2 8.85 180) (size 0.3 1.1) (layers F.Cu F.Paste F.Mask)
      (net 2 +3V3))
    (pad 41 smd rect (at -2 8.35 180) (size 0.3 1.1) (layers F.Cu F.Paste F.Mask)
      (net 36 "Net-(J2-Pad4)"))
    (pad 40 smd rect (at -2 7.85 180) (size 0.3 1.1) (layers F.Cu F.Paste F.Mask)
      (net 52 "Net-(J2-Pad40)"))
    (pad 39 smd rect (at -2 7.35 180) (size 0.3 1.1) (layers F.Cu F.Paste F.Mask)
      (net 26 "Net-(J2-Pad39)"))
    (pad 38 smd rect (at -2 6.85 180) (size 0.3 1.1) (layers F.Cu F.Paste F.Mask)
      (net 27 "Net-(J2-Pad38)"))
    (pad 37 smd rect (at -2 6.35 180) (size 0.3 1.1) (layers F.Cu F.Paste F.Mask)
      (net 28 "Net-(J2-Pad37)"))
    (pad 36 smd rect (at -2 5.85 180) (size 0.3 1.1) (layers F.Cu F.Paste F.Mask)
      (net 59 "Net-(J2-Pad36)"))
    (pad 35 smd rect (at -2 5.35 180) (size 0.3 1.1) (layers F.Cu F.Paste F.Mask)
      (net 60 "Net-(J2-Pad35)"))
    (pad 34 smd rect (at -2 4.85 180) (size 0.3 1.1) (layers F.Cu F.Paste F.Mask)
      (net 61 "Net-(J2-Pad34)"))
    (pad 33 smd rect (at -2 4.35 180) (size 0.3 1.1) (layers F.Cu F.Paste F.Mask)
      (net 62 "Net-(J2-Pad33)"))
    (pad 32 smd rect (at -2 3.85 180) (size 0.3 1.1) (layers F.Cu F.Paste F.Mask)
      (net 63 "Net-(J2-Pad32)"))
    (pad 31 smd rect (at -2 3.35 180) (size 0.3 1.1) (layers F.Cu F.Paste F.Mask)
      (net 64 "Net-(J2-Pad31)"))
    (pad 30 smd rect (at -2 2.85 180) (size 0.3 1.1) (layers F.Cu F.Paste F.Mask)
      (net 65 "Net-(J2-Pad30)"))
    (pad 29 smd rect (at -2 2.35 180) (size 0.3 1.1) (layers F.Cu F.Paste F.Mask)
      (net 66 "Net-(J2-Pad29)"))
    (pad 28 smd rect (at -2 1.85 180) (size 0.3 1.1) (layers F.Cu F.Paste F.Mask)
      (net 67 "Net-(J2-Pad28)"))
    (pad 27 smd rect (at -2 1.35 180) (size 0.3 1.1) (layers F.Cu F.Paste F.Mask)
      (net 68 "Net-(J2-Pad27)"))
    (pad 26 smd rect (at -2 0.85 180) (size 0.3 1.1) (layers F.Cu F.Paste F.Mask)
      (net 69 "Net-(J2-Pad26)"))
    (pad 25 smd rect (at -2 0.35 180) (size 0.3 1.1) (layers F.Cu F.Paste F.Mask)
      (net 70 "Net-(J2-Pad25)"))
    (pad 24 smd rect (at -2 -0.15 180) (size 0.3 1.1) (layers F.Cu F.Paste F.Mask)
      (net 71 "Net-(J2-Pad24)"))
    (pad 23 smd rect (at -2 -0.65 180) (size 0.3 1.1) (layers F.Cu F.Paste F.Mask)
      (net 72 "Net-(J2-Pad23)"))
    (pad 22 smd rect (at -2 -1.15 180) (size 0.3 1.1) (layers F.Cu F.Paste F.Mask)
      (net 73 "Net-(J2-Pad22)"))
    (pad 21 smd rect (at -2 -1.65 180) (size 0.3 1.1) (layers F.Cu F.Paste F.Mask)
      (net 74 "Net-(J2-Pad21)"))
    (pad 20 smd rect (at -2 -2.15 180) (size 0.3 1.1) (layers F.Cu F.Paste F.Mask)
      (net 75 "Net-(J2-Pad20)"))
    (pad 19 smd rect (at -2 -2.65 180) (size 0.3 1.1) (layers F.Cu F.Paste F.Mask)
      (net 53 "Net-(J2-Pad19)"))
    (pad 18 smd rect (at -2 -3.15 180) (size 0.3 1.1) (layers F.Cu F.Paste F.Mask)
      (net 54 "Net-(J2-Pad18)"))
    (pad 17 smd rect (at -2 -3.65 180) (size 0.3 1.1) (layers F.Cu F.Paste F.Mask)
      (net 55 "Net-(J2-Pad17)"))
    (pad 16 smd rect (at -2 -4.15 180) (size 0.3 1.1) (layers F.Cu F.Paste F.Mask)
      (net 56 "Net-(J2-Pad16)"))
    (pad 15 smd rect (at -2 -4.65 180) (size 0.3 1.1) (layers F.Cu F.Paste F.Mask)
      (net 29 "Net-(J2-Pad15)"))
    (pad 14 smd rect (at -2 -5.15 180) (size 0.3 1.1) (layers F.Cu F.Paste F.Mask)
      (net 30 "Net-(J2-Pad14)"))
    (pad 13 smd rect (at -2 -5.65 180) (size 0.3 1.1) (layers F.Cu F.Paste F.Mask)
      (net 31 "Net-(J2-Pad13)"))
    (pad 12 smd rect (at -2 -6.15 180) (size 0.3 1.1) (layers F.Cu F.Paste F.Mask)
      (net 32 "Net-(J2-Pad12)"))
    (pad 11 smd rect (at -2 -6.65 180) (size 0.3 1.1) (layers F.Cu F.Paste F.Mask)
      (net 2 +3V3))
    (pad 10 smd rect (at -2 -7.15 180) (size 0.3 1.1) (layers F.Cu F.Paste F.Mask)
      (net 2 +3V3))
    (pad 9 smd rect (at -2 -7.65 180) (size 0.3 1.1) (layers F.Cu F.Paste F.Mask)
      (net 2 +3V3))
    (pad 8 smd rect (at -2 -8.15 180) (size 0.3 1.1) (layers F.Cu F.Paste F.Mask)
      (net 1 GND))
    (pad 7 smd rect (at -2 -8.65 180) (size 0.3 1.1) (layers F.Cu F.Paste F.Mask)
      (net 57 "Net-(J2-Pad7)"))
    (pad S2 smd rect (at -0.6 14.52) (size 2.3 3.1) (layers F.Cu F.Paste F.Mask)
      (net 33 "Net-(J2-PadS2)"))
    (pad S1 smd rect (at -0.6 -13.32) (size 2.3 3.1) (layers F.Cu F.Paste F.Mask)
      (net 34 "Net-(J2-PadS1)"))
    (pad 6 smd rect (at -2 -9.15 180) (size 0.3 1.1) (layers F.Cu F.Paste F.Mask)
      (net 58 "Net-(J2-Pad6)"))
    (pad 5 smd rect (at -2 -9.65 180) (size 0.3 1.1) (layers F.Cu F.Paste F.Mask)
      (net 35 "Net-(J2-Pad5)"))
    (pad 4 smd rect (at -2 -10.15 180) (size 0.3 1.1) (layers F.Cu F.Paste F.Mask)
      (net 36 "Net-(J2-Pad4)"))
    (pad 3 smd rect (at -2 -10.65 180) (size 0.3 1.1) (layers F.Cu F.Paste F.Mask)
      (net 1 GND))
    (pad 2 smd rect (at -2 -11.15 180) (size 0.3 1.1) (layers F.Cu F.Paste F.Mask)
      (net 1 GND))
    (pad 1 smd rect (at -2 -11.65 180) (size 0.3 1.1) (layers F.Cu F.Paste F.Mask)
      (net 1 GND))
  )

  (module Capacitor_SMD:C_0603_1608Metric (layer F.Cu) (tedit 5F68FEEE) (tstamp 6135265A)
    (at 136.7155 124.333 180)
    (descr "Capacitor SMD 0603 (1608 Metric), square (rectangular) end terminal, IPC_7351 nominal, (Body size source: IPC-SM-782 page 76, https://www.pcb-3d.com/wordpress/wp-content/uploads/ipc-sm-782a_amendment_1_and_2.pdf), generated with kicad-footprint-generator")
    (tags capacitor)
    (path /6136C024)
    (attr smd)
    (fp_text reference C6 (at 2.54 0) (layer F.SilkS)
      (effects (font (size 1 1) (thickness 0.15)))
    )
    (fp_text value 22μF (at 5.3975 -0.0635) (layer F.Fab)
      (effects (font (size 1 1) (thickness 0.15)))
    )
    (fp_line (start -0.8 0.4) (end -0.8 -0.4) (layer F.Fab) (width 0.1))
    (fp_line (start -0.8 -0.4) (end 0.8 -0.4) (layer F.Fab) (width 0.1))
    (fp_line (start 0.8 -0.4) (end 0.8 0.4) (layer F.Fab) (width 0.1))
    (fp_line (start 0.8 0.4) (end -0.8 0.4) (layer F.Fab) (width 0.1))
    (fp_line (start -0.14058 -0.51) (end 0.14058 -0.51) (layer F.SilkS) (width 0.12))
    (fp_line (start -0.14058 0.51) (end 0.14058 0.51) (layer F.SilkS) (width 0.12))
    (fp_line (start -1.48 0.73) (end -1.48 -0.73) (layer F.CrtYd) (width 0.05))
    (fp_line (start -1.48 -0.73) (end 1.48 -0.73) (layer F.CrtYd) (width 0.05))
    (fp_line (start 1.48 -0.73) (end 1.48 0.73) (layer F.CrtYd) (width 0.05))
    (fp_line (start 1.48 0.73) (end -1.48 0.73) (layer F.CrtYd) (width 0.05))
    (fp_text user %R (at 0 0) (layer F.Fab)
      (effects (font (size 0.4 0.4) (thickness 0.06)))
    )
    (pad 2 smd roundrect (at 0.775 0 180) (size 0.9 0.95) (layers F.Cu F.Paste F.Mask) (roundrect_rratio 0.25)
      (net 1 GND))
    (pad 1 smd roundrect (at -0.775 0 180) (size 0.9 0.95) (layers F.Cu F.Paste F.Mask) (roundrect_rratio 0.25)
      (net 2 +3V3))
    (model ${KISYS3DMOD}/Capacitor_SMD.3dshapes/C_0603_1608Metric.wrl
      (at (xyz 0 0 0))
      (scale (xyz 1 1 1))
      (rotate (xyz 0 0 0))
    )
  )

  (module Capacitor_SMD:C_0603_1608Metric (layer F.Cu) (tedit 5F68FEEE) (tstamp 6135266A)
    (at 136.7155 126.0475 180)
    (descr "Capacitor SMD 0603 (1608 Metric), square (rectangular) end terminal, IPC_7351 nominal, (Body size source: IPC-SM-782 page 76, https://www.pcb-3d.com/wordpress/wp-content/uploads/ipc-sm-782a_amendment_1_and_2.pdf), generated with kicad-footprint-generator")
    (tags capacitor)
    (path /6136B483)
    (attr smd)
    (fp_text reference C7 (at 2.54 -0.127) (layer F.SilkS)
      (effects (font (size 1 1) (thickness 0.15)))
    )
    (fp_text value 0.1μF/50V (at 5.588 -0.1905) (layer F.Fab)
      (effects (font (size 1 1) (thickness 0.15)))
    )
    (fp_line (start 1.48 0.73) (end -1.48 0.73) (layer F.CrtYd) (width 0.05))
    (fp_line (start 1.48 -0.73) (end 1.48 0.73) (layer F.CrtYd) (width 0.05))
    (fp_line (start -1.48 -0.73) (end 1.48 -0.73) (layer F.CrtYd) (width 0.05))
    (fp_line (start -1.48 0.73) (end -1.48 -0.73) (layer F.CrtYd) (width 0.05))
    (fp_line (start -0.14058 0.51) (end 0.14058 0.51) (layer F.SilkS) (width 0.12))
    (fp_line (start -0.14058 -0.51) (end 0.14058 -0.51) (layer F.SilkS) (width 0.12))
    (fp_line (start 0.8 0.4) (end -0.8 0.4) (layer F.Fab) (width 0.1))
    (fp_line (start 0.8 -0.4) (end 0.8 0.4) (layer F.Fab) (width 0.1))
    (fp_line (start -0.8 -0.4) (end 0.8 -0.4) (layer F.Fab) (width 0.1))
    (fp_line (start -0.8 0.4) (end -0.8 -0.4) (layer F.Fab) (width 0.1))
    (fp_text user %R (at 0 0) (layer F.Fab)
      (effects (font (size 0.4 0.4) (thickness 0.06)))
    )
    (pad 1 smd roundrect (at -0.775 0 180) (size 0.9 0.95) (layers F.Cu F.Paste F.Mask) (roundrect_rratio 0.25)
      (net 2 +3V3))
    (pad 2 smd roundrect (at 0.775 0 180) (size 0.9 0.95) (layers F.Cu F.Paste F.Mask) (roundrect_rratio 0.25)
      (net 1 GND))
    (model ${KISYS3DMOD}/Capacitor_SMD.3dshapes/C_0603_1608Metric.wrl
      (at (xyz 0 0 0))
      (scale (xyz 1 1 1))
      (rotate (xyz 0 0 0))
    )
  )

  (module Capacitor_SMD:C_0603_1608Metric (layer F.Cu) (tedit 5F68FEEE) (tstamp 6135268A)
    (at 133.477 80.137)
    (descr "Capacitor SMD 0603 (1608 Metric), square (rectangular) end terminal, IPC_7351 nominal, (Body size source: IPC-SM-782 page 76, https://www.pcb-3d.com/wordpress/wp-content/uploads/ipc-sm-782a_amendment_1_and_2.pdf), generated with kicad-footprint-generator")
    (tags capacitor)
    (path /618665D9)
    (attr smd)
    (fp_text reference C3 (at 2.667 0.0635) (layer F.SilkS)
      (effects (font (size 1 1) (thickness 0.15)))
    )
    (fp_text value 0.1μF/50V (at 0 1.43) (layer F.Fab)
      (effects (font (size 1 1) (thickness 0.15)))
    )
    (fp_line (start 1.48 0.73) (end -1.48 0.73) (layer F.CrtYd) (width 0.05))
    (fp_line (start 1.48 -0.73) (end 1.48 0.73) (layer F.CrtYd) (width 0.05))
    (fp_line (start -1.48 -0.73) (end 1.48 -0.73) (layer F.CrtYd) (width 0.05))
    (fp_line (start -1.48 0.73) (end -1.48 -0.73) (layer F.CrtYd) (width 0.05))
    (fp_line (start -0.14058 0.51) (end 0.14058 0.51) (layer F.SilkS) (width 0.12))
    (fp_line (start -0.14058 -0.51) (end 0.14058 -0.51) (layer F.SilkS) (width 0.12))
    (fp_line (start 0.8 0.4) (end -0.8 0.4) (layer F.Fab) (width 0.1))
    (fp_line (start 0.8 -0.4) (end 0.8 0.4) (layer F.Fab) (width 0.1))
    (fp_line (start -0.8 -0.4) (end 0.8 -0.4) (layer F.Fab) (width 0.1))
    (fp_line (start -0.8 0.4) (end -0.8 -0.4) (layer F.Fab) (width 0.1))
    (fp_text user %R (at 0 0) (layer F.Fab)
      (effects (font (size 0.4 0.4) (thickness 0.06)))
    )
    (pad 1 smd roundrect (at -0.775 0) (size 0.9 0.95) (layers F.Cu F.Paste F.Mask) (roundrect_rratio 0.25)
      (net 1 GND))
    (pad 2 smd roundrect (at 0.775 0) (size 0.9 0.95) (layers F.Cu F.Paste F.Mask) (roundrect_rratio 0.25)
      (net 12 IO0))
    (model ${KISYS3DMOD}/Capacitor_SMD.3dshapes/C_0603_1608Metric.wrl
      (at (xyz 0 0 0))
      (scale (xyz 1 1 1))
      (rotate (xyz 0 0 0))
    )
  )

  (module Capacitor_SMD:C_0603_1608Metric (layer F.Cu) (tedit 5F68FEEE) (tstamp 6135269B)
    (at 136.652 127.889 180)
    (descr "Capacitor SMD 0603 (1608 Metric), square (rectangular) end terminal, IPC_7351 nominal, (Body size source: IPC-SM-782 page 76, https://www.pcb-3d.com/wordpress/wp-content/uploads/ipc-sm-782a_amendment_1_and_2.pdf), generated with kicad-footprint-generator")
    (tags capacitor)
    (path /61513BF7)
    (attr smd)
    (fp_text reference C9 (at 2.6035 -0.127) (layer F.SilkS)
      (effects (font (size 1 1) (thickness 0.15)))
    )
    (fp_text value 22μF (at 5.334 -0.1905) (layer F.Fab)
      (effects (font (size 1 1) (thickness 0.15)))
    )
    (fp_line (start 1.48 0.73) (end -1.48 0.73) (layer F.CrtYd) (width 0.05))
    (fp_line (start 1.48 -0.73) (end 1.48 0.73) (layer F.CrtYd) (width 0.05))
    (fp_line (start -1.48 -0.73) (end 1.48 -0.73) (layer F.CrtYd) (width 0.05))
    (fp_line (start -1.48 0.73) (end -1.48 -0.73) (layer F.CrtYd) (width 0.05))
    (fp_line (start -0.14058 0.51) (end 0.14058 0.51) (layer F.SilkS) (width 0.12))
    (fp_line (start -0.14058 -0.51) (end 0.14058 -0.51) (layer F.SilkS) (width 0.12))
    (fp_line (start 0.8 0.4) (end -0.8 0.4) (layer F.Fab) (width 0.1))
    (fp_line (start 0.8 -0.4) (end 0.8 0.4) (layer F.Fab) (width 0.1))
    (fp_line (start -0.8 -0.4) (end 0.8 -0.4) (layer F.Fab) (width 0.1))
    (fp_line (start -0.8 0.4) (end -0.8 -0.4) (layer F.Fab) (width 0.1))
    (fp_text user %R (at 0 0) (layer F.Fab)
      (effects (font (size 0.4 0.4) (thickness 0.06)))
    )
    (pad 1 smd roundrect (at -0.775 0 180) (size 0.9 0.95) (layers F.Cu F.Paste F.Mask) (roundrect_rratio 0.25)
      (net 2 +3V3))
    (pad 2 smd roundrect (at 0.775 0 180) (size 0.9 0.95) (layers F.Cu F.Paste F.Mask) (roundrect_rratio 0.25)
      (net 1 GND))
    (model ${KISYS3DMOD}/Capacitor_SMD.3dshapes/C_0603_1608Metric.wrl
      (at (xyz 0 0 0))
      (scale (xyz 1 1 1))
      (rotate (xyz 0 0 0))
    )
  )

  (module Capacitor_SMD:C_0603_1608Metric (layer F.Cu) (tedit 5F68FEEE) (tstamp 613526AC)
    (at 178.054 123.063 270)
    (descr "Capacitor SMD 0603 (1608 Metric), square (rectangular) end terminal, IPC_7351 nominal, (Body size source: IPC-SM-782 page 76, https://www.pcb-3d.com/wordpress/wp-content/uploads/ipc-sm-782a_amendment_1_and_2.pdf), generated with kicad-footprint-generator")
    (tags capacitor)
    (path /613CAB37)
    (attr smd)
    (fp_text reference C1 (at 0.0635 -1.524 270) (layer F.SilkS)
      (effects (font (size 1 1) (thickness 0.15)))
    )
    (fp_text value 4.7μF/6.3V (at 0.4445 -0.6985 90) (layer F.Fab)
      (effects (font (size 0.5 0.5) (thickness 0.09)))
    )
    (fp_line (start -0.8 0.4) (end -0.8 -0.4) (layer F.Fab) (width 0.1))
    (fp_line (start -0.8 -0.4) (end 0.8 -0.4) (layer F.Fab) (width 0.1))
    (fp_line (start 0.8 -0.4) (end 0.8 0.4) (layer F.Fab) (width 0.1))
    (fp_line (start 0.8 0.4) (end -0.8 0.4) (layer F.Fab) (width 0.1))
    (fp_line (start -0.14058 -0.51) (end 0.14058 -0.51) (layer F.SilkS) (width 0.12))
    (fp_line (start -0.14058 0.51) (end 0.14058 0.51) (layer F.SilkS) (width 0.12))
    (fp_line (start -1.48 0.73) (end -1.48 -0.73) (layer F.CrtYd) (width 0.05))
    (fp_line (start -1.48 -0.73) (end 1.48 -0.73) (layer F.CrtYd) (width 0.05))
    (fp_line (start 1.48 -0.73) (end 1.48 0.73) (layer F.CrtYd) (width 0.05))
    (fp_line (start 1.48 0.73) (end -1.48 0.73) (layer F.CrtYd) (width 0.05))
    (fp_text user %R (at 0 0 90) (layer F.Fab)
      (effects (font (size 0.4 0.4) (thickness 0.06)))
    )
    (pad 2 smd roundrect (at 0.775 0 270) (size 0.9 0.95) (layers F.Cu F.Paste F.Mask) (roundrect_rratio 0.25)
      (net 1 GND))
    (pad 1 smd roundrect (at -0.775 0 270) (size 0.9 0.95) (layers F.Cu F.Paste F.Mask) (roundrect_rratio 0.25)
      (net 2 +3V3))
    (model ${KISYS3DMOD}/Capacitor_SMD.3dshapes/C_0603_1608Metric.wrl
      (at (xyz 0 0 0))
      (scale (xyz 1 1 1))
      (rotate (xyz 0 0 0))
    )
  )

  (module Capacitor_SMD:C_0603_1608Metric (layer F.Cu) (tedit 5F68FEEE) (tstamp 613526BD)
    (at 176.276 123.063 270)
    (descr "Capacitor SMD 0603 (1608 Metric), square (rectangular) end terminal, IPC_7351 nominal, (Body size source: IPC-SM-782 page 76, https://www.pcb-3d.com/wordpress/wp-content/uploads/ipc-sm-782a_amendment_1_and_2.pdf), generated with kicad-footprint-generator")
    (tags capacitor)
    (path /613CAB31)
    (attr smd)
    (fp_text reference C2 (at 0.0635 1.397 270) (layer F.SilkS)
      (effects (font (size 1 1) (thickness 0.15)))
    )
    (fp_text value 0.1μF/50V (at 0.3175 0.635 90) (layer F.Fab)
      (effects (font (size 0.5 0.5) (thickness 0.09)))
    )
    (fp_line (start 1.48 0.73) (end -1.48 0.73) (layer F.CrtYd) (width 0.05))
    (fp_line (start 1.48 -0.73) (end 1.48 0.73) (layer F.CrtYd) (width 0.05))
    (fp_line (start -1.48 -0.73) (end 1.48 -0.73) (layer F.CrtYd) (width 0.05))
    (fp_line (start -1.48 0.73) (end -1.48 -0.73) (layer F.CrtYd) (width 0.05))
    (fp_line (start -0.14058 0.51) (end 0.14058 0.51) (layer F.SilkS) (width 0.12))
    (fp_line (start -0.14058 -0.51) (end 0.14058 -0.51) (layer F.SilkS) (width 0.12))
    (fp_line (start 0.8 0.4) (end -0.8 0.4) (layer F.Fab) (width 0.1))
    (fp_line (start 0.8 -0.4) (end 0.8 0.4) (layer F.Fab) (width 0.1))
    (fp_line (start -0.8 -0.4) (end 0.8 -0.4) (layer F.Fab) (width 0.1))
    (fp_line (start -0.8 0.4) (end -0.8 -0.4) (layer F.Fab) (width 0.1))
    (fp_text user %R (at 0 0 90) (layer F.Fab)
      (effects (font (size 0.4 0.4) (thickness 0.06)))
    )
    (pad 1 smd roundrect (at -0.775 0 270) (size 0.9 0.95) (layers F.Cu F.Paste F.Mask) (roundrect_rratio 0.25)
      (net 2 +3V3))
    (pad 2 smd roundrect (at 0.775 0 270) (size 0.9 0.95) (layers F.Cu F.Paste F.Mask) (roundrect_rratio 0.25)
      (net 1 GND))
    (model ${KISYS3DMOD}/Capacitor_SMD.3dshapes/C_0603_1608Metric.wrl
      (at (xyz 0 0 0))
      (scale (xyz 1 1 1))
      (rotate (xyz 0 0 0))
    )
  )

  (module Capacitor_SMD:C_0603_1608Metric (layer F.Cu) (tedit 5F68FEEE) (tstamp 613526CE)
    (at 158.0515 130.4795 90)
    (descr "Capacitor SMD 0603 (1608 Metric), square (rectangular) end terminal, IPC_7351 nominal, (Body size source: IPC-SM-782 page 76, https://www.pcb-3d.com/wordpress/wp-content/uploads/ipc-sm-782a_amendment_1_and_2.pdf), generated with kicad-footprint-generator")
    (tags capacitor)
    (path /6188BF0D)
    (attr smd)
    (fp_text reference C4 (at 0.114 1.778 180) (layer F.SilkS)
      (effects (font (size 1 1) (thickness 0.15)))
    )
    (fp_text value 0.1μF/50V (at -1.283 2.9845 180) (layer F.Fab)
      (effects (font (size 1 1) (thickness 0.15)))
    )
    (fp_line (start -0.8 0.4) (end -0.8 -0.4) (layer F.Fab) (width 0.1))
    (fp_line (start -0.8 -0.4) (end 0.8 -0.4) (layer F.Fab) (width 0.1))
    (fp_line (start 0.8 -0.4) (end 0.8 0.4) (layer F.Fab) (width 0.1))
    (fp_line (start 0.8 0.4) (end -0.8 0.4) (layer F.Fab) (width 0.1))
    (fp_line (start -0.14058 -0.51) (end 0.14058 -0.51) (layer F.SilkS) (width 0.12))
    (fp_line (start -0.14058 0.51) (end 0.14058 0.51) (layer F.SilkS) (width 0.12))
    (fp_line (start -1.48 0.73) (end -1.48 -0.73) (layer F.CrtYd) (width 0.05))
    (fp_line (start -1.48 -0.73) (end 1.48 -0.73) (layer F.CrtYd) (width 0.05))
    (fp_line (start 1.48 -0.73) (end 1.48 0.73) (layer F.CrtYd) (width 0.05))
    (fp_line (start 1.48 0.73) (end -1.48 0.73) (layer F.CrtYd) (width 0.05))
    (fp_text user %R (at 0 0 90) (layer F.Fab)
