(kicad_pcb (version 20171130) (host pcbnew "(5.1.10)-1")

  (general
    (thickness 1.6)
    (drawings 0)
    (tracks 50)
    (zones 0)
    (modules 38)
    (nets 85)
  )

  (page A4)
  (layers
    (0 F.Cu signal)
    (31 B.Cu signal)
    (32 B.Adhes user)
    (33 F.Adhes user)
    (34 B.Paste user)
    (35 F.Paste user)
    (36 B.SilkS user)
    (37 F.SilkS user)
    (38 B.Mask user)
    (39 F.Mask user)
    (40 Dwgs.User user)
    (41 Cmts.User user)
    (42 Eco1.User user)
    (43 Eco2.User user)
    (44 Edge.Cuts user)
    (45 Margin user)
    (46 B.CrtYd user)
    (47 F.CrtYd user)
    (48 B.Fab user)
    (49 F.Fab user)
  )

  (setup
    (last_trace_width 0.4)
    (user_trace_width 0.4)
    (trace_clearance 0.2)
    (zone_clearance 0.508)
    (zone_45_only no)
    (trace_min 0.2)
    (via_size 0.8)
    (via_drill 0.4)
    (via_min_size 0.4)
    (via_min_drill 0.3)
    (uvia_size 0.3)
    (uvia_drill 0.1)
    (uvias_allowed no)
    (uvia_min_size 0.2)
    (uvia_min_drill 0.1)
    (edge_width 0.05)
    (segment_width 0.2)
    (pcb_text_width 0.3)
    (pcb_text_size 1.5 1.5)
    (mod_edge_width 0.12)
    (mod_text_size 1 1)
    (mod_text_width 0.15)
    (pad_size 1.524 1.524)
    (pad_drill 0.762)
    (pad_to_mask_clearance 0)
    (aux_axis_origin 0 0)
    (visible_elements 7FFFFFFF)
    (pcbplotparams
      (layerselection 0x010fc_ffffffff)
      (usegerberextensions false)
      (usegerberattributes true)
      (usegerberadvancedattributes true)
      (creategerberjobfile true)
      (excludeedgelayer true)
      (linewidth 0.100000)
      (plotframeref false)
      (viasonmask false)
      (mode 1)
      (useauxorigin false)
      (hpglpennumber 1)
      (hpglpenspeed 20)
      (hpglpendiameter 15.000000)
      (psnegative false)
      (psa4output false)
      (plotreference true)
      (plotvalue true)
      (plotinvisibletext false)
      (padsonsilk false)
      (subtractmaskfromsilk false)
      (outputformat 1)
      (mirror false)
      (drillshape 1)
      (scaleselection 1)
      (outputdirectory ""))
  )

  (net 0 "")
  (net 1 GND)
  (net 2 +3V3)
  (net 3 +5V)
  (net 4 "Net-(U1-Pad13)")
  (net 5 "Net-(U1-Pad14)")
  (net 6 "Net-(U1-Pad16)")
  (net 7 "Net-(U1-Pad17)")
  (net 8 "Net-(U1-Pad18)")
  (net 9 "Net-(U1-Pad19)")
  (net 10 "Net-(U1-Pad20)")
  (net 11 "Net-(U1-Pad21)")
  (net 12 "Net-(U1-Pad22)")
  (net 13 "Net-(U1-Pad23)")
  (net 14 "Net-(U1-Pad27)")
  (net 15 VCC)
  (net 16 IO0)
  (net 17 VBUS)
  (net 18 EN)
  (net 19 "Net-(D1-Pad2)")
  (net 20 D+)
  (net 21 D-)
  (net 22 "Net-(D3-Pad2)")
  (net 23 "Net-(Q1-Pad2)")
  (net 24 RTS)
  (net 25 DTR)
  (net 26 "Net-(Q2-Pad2)")
  (net 27 TXD)
  (net 28 RXD)
  (net 29 "Net-(U2-Pad13)")
  (net 30 "Net-(U2-Pad14)")
  (net 31 "Net-(U2-Pad16)")
  (net 32 "Net-(U2-Pad17)")
  (net 33 "Net-(U2-Pad18)")
  (net 34 "Net-(U2-Pad19)")
  (net 35 "Net-(U2-Pad20)")
  (net 36 "Net-(U2-Pad21)")
  (net 37 "Net-(U2-Pad22)")
  (net 38 "Net-(U2-Pad23)")
  (net 39 "Net-(U2-Pad27)")
  (net 40 "Net-(J2-Pad10)")
  (net 41 "Net-(J2-Pad46)")
  (net 42 "Net-(J2-Pad45)")
  (net 43 "Net-(J2-Pad44)")
  (net 44 "Net-(J2-Pad39)")
  (net 45 "Net-(J2-Pad38)")
  (net 46 "Net-(J2-Pad37)")
  (net 47 "Net-(J2-Pad36)")
  (net 48 "Net-(J2-Pad35)")
  (net 49 "Net-(J2-Pad34)")
  (net 50 "Net-(J2-Pad33)")
  (net 51 "Net-(J2-Pad15)")
  (net 52 "Net-(J2-Pad14)")
  (net 53 "Net-(J2-Pad13)")
  (net 54 "Net-(J2-Pad12)")
  (net 55 "Net-(J2-Pad11)")
  (net 56 "Net-(J2-PadS2)")
  (net 57 "Net-(J2-PadS1)")
  (net 58 "Net-(J2-Pad5)")
  (net 59 "Net-(J2-Pad4)")
  (net 60 "Net-(J2-Pad3)")
  (net 61 "Net-(J2-Pad2)")
  (net 62 "Net-(J2-Pad1)")
  (net 63 "Net-(R1-Pad2)")
  (net 64 "Net-(J1-PadA5)")
  (net 65 "Net-(R4-Pad2)")
  (net 66 "Net-(R5-Pad2)")
  (net 67 "Net-(R6-Pad2)")
  (net 68 "Net-(R7-Pad2)")
  (net 69 "Net-(R8-Pad1)")
  (net 70 "Net-(U1-Pad1)")
  (net 71 "Net-(U1-Pad2)")
  (net 72 "Net-(U1-Pad10)")
  (net 73 "Net-(U1-Pad12)")
  (net 74 "Net-(U1-Pad15)")
  (net 75 "Net-(U2-Pad4)")
  (net 76 "Net-(U2-Pad5)")
  (net 77 "Net-(U2-Pad6)")
  (net 78 "Net-(U2-Pad7)")
  (net 79 "Net-(U2-Pad8)")
  (net 80 "Net-(U2-Pad9)")
  (net 81 "Net-(U2-Pad24)")
  (net 82 "Net-(U2-Pad26)")
  (net 83 "Net-(U2-Pad28)")
  (net 84 "Net-(U2-Pad32)")

  (net_class Default "This is the default net class."
    (clearance 0.2)
    (trace_width 0.25)
    (via_dia 0.8)
    (via_drill 0.4)
    (uvia_dia 0.3)
    (uvia_drill 0.1)
    (add_net +3V3)
    (add_net +5V)
    (add_net D+)
    (add_net D-)
    (add_net DTR)
    (add_net EN)
    (add_net GND)
    (add_net IO0)
    (add_net "Net-(D1-Pad2)")
    (add_net "Net-(D3-Pad2)")
    (add_net "Net-(J1-PadA5)")
    (add_net "Net-(J2-Pad1)")
    (add_net "Net-(J2-Pad10)")
    (add_net "Net-(J2-Pad11)")
    (add_net "Net-(J2-Pad12)")
    (add_net "Net-(J2-Pad13)")
    (add_net "Net-(J2-Pad14)")
    (add_net "Net-(J2-Pad15)")
    (add_net "Net-(J2-Pad2)")
    (add_net "Net-(J2-Pad3)")
    (add_net "Net-(J2-Pad33)")
    (add_net "Net-(J2-Pad34)")
    (add_net "Net-(J2-Pad35)")
    (add_net "Net-(J2-Pad36)")
    (add_net "Net-(J2-Pad37)")
    (add_net "Net-(J2-Pad38)")
    (add_net "Net-(J2-Pad39)")
    (add_net "Net-(J2-Pad4)")
    (add_net "Net-(J2-Pad44)")
    (add_net "Net-(J2-Pad45)")
    (add_net "Net-(J2-Pad46)")
    (add_net "Net-(J2-Pad5)")
    (add_net "Net-(J2-PadS1)")
    (add_net "Net-(J2-PadS2)")
    (add_net "Net-(Q1-Pad2)")
    (add_net "Net-(Q2-Pad2)")
    (add_net "Net-(R1-Pad2)")
    (add_net "Net-(R4-Pad2)")
    (add_net "Net-(R5-Pad2)")
    (add_net "Net-(R6-Pad2)")
    (add_net "Net-(R7-Pad2)")
    (add_net "Net-(R8-Pad1)")
    (add_net "Net-(U1-Pad1)")
    (add_net "Net-(U1-Pad10)")
    (add_net "Net-(U1-Pad12)")
    (add_net "Net-(U1-Pad13)")
    (add_net "Net-(U1-Pad14)")
    (add_net "Net-(U1-Pad15)")
    (add_net "Net-(U1-Pad16)")
    (add_net "Net-(U1-Pad17)")
    (add_net "Net-(U1-Pad18)")
    (add_net "Net-(U1-Pad19)")
    (add_net "Net-(U1-Pad2)")
    (add_net "Net-(U1-Pad20)")
    (add_net "Net-(U1-Pad21)")
    (add_net "Net-(U1-Pad22)")
    (add_net "Net-(U1-Pad23)")
    (add_net "Net-(U1-Pad27)")
    (add_net "Net-(U2-Pad13)")
    (add_net "Net-(U2-Pad14)")
    (add_net "Net-(U2-Pad16)")
    (add_net "Net-(U2-Pad17)")
    (add_net "Net-(U2-Pad18)")
    (add_net "Net-(U2-Pad19)")
    (add_net "Net-(U2-Pad20)")
    (add_net "Net-(U2-Pad21)")
    (add_net "Net-(U2-Pad22)")
    (add_net "Net-(U2-Pad23)")
    (add_net "Net-(U2-Pad24)")
    (add_net "Net-(U2-Pad26)")
    (add_net "Net-(U2-Pad27)")
    (add_net "Net-(U2-Pad28)")
    (add_net "Net-(U2-Pad32)")
    (add_net "Net-(U2-Pad4)")
    (add_net "Net-(U2-Pad5)")
    (add_net "Net-(U2-Pad6)")
    (add_net "Net-(U2-Pad7)")
    (add_net "Net-(U2-Pad8)")
    (add_net "Net-(U2-Pad9)")
    (add_net RTS)
    (add_net RXD)
    (add_net TXD)
    (add_net VBUS)
    (add_net VCC)
  )

  (module RF_Module:ESP32-WROOM-32 (layer F.Cu) (tedit 5B5B4654) (tstamp 61352008)
    (at 144.469001 112.978999 90)
    (descr "Single 2.4 GHz Wi-Fi and Bluetooth combo chip https://www.espressif.com/sites/default/files/documentation/esp32-wroom-32_datasheet_en.pdf")
    (tags "Single 2.4 GHz Wi-Fi and Bluetooth combo  chip")
    (path /612D8DA1)
    (attr smd)
    (fp_text reference U2 (at -10.61 8.43) (layer F.SilkS)
      (effects (font (size 1 1) (thickness 0.15)))
    )
    (fp_text value "1965-ESP32-WROOM-32E(8MB)CT-ND" (at -0.051001 -22.612501 90) (layer F.Fab)
      (effects (font (size 1 1) (thickness 0.15)))
    )
    (fp_line (start -14 -9.97) (end -14 -20.75) (layer Dwgs.User) (width 0.1))
    (fp_line (start 9 9.76) (end 9 -15.745) (layer F.Fab) (width 0.1))
    (fp_line (start -9 9.76) (end 9 9.76) (layer F.Fab) (width 0.1))
    (fp_line (start -9 -15.745) (end -9 -10.02) (layer F.Fab) (width 0.1))
    (fp_line (start -9 -15.745) (end 9 -15.745) (layer F.Fab) (width 0.1))
    (fp_line (start -9.75 10.5) (end -9.75 -9.72) (layer F.CrtYd) (width 0.05))
    (fp_line (start -9.75 10.5) (end 9.75 10.5) (layer F.CrtYd) (width 0.05))
    (fp_line (start 9.75 -9.72) (end 9.75 10.5) (layer F.CrtYd) (width 0.05))
    (fp_line (start -14.25 -21) (end 14.25 -21) (layer F.CrtYd) (width 0.05))
    (fp_line (start -9 -9.02) (end -9 9.76) (layer F.Fab) (width 0.1))
    (fp_line (start -8.5 -9.52) (end -9 -10.02) (layer F.Fab) (width 0.1))
    (fp_line (start -9 -9.02) (end -8.5 -9.52) (layer F.Fab) (width 0.1))
    (fp_line (start 14 -9.97) (end -14 -9.97) (layer Dwgs.User) (width 0.1))
    (fp_line (start 14 -9.97) (end 14 -20.75) (layer Dwgs.User) (width 0.1))
    (fp_line (start 14 -20.75) (end -14 -20.75) (layer Dwgs.User) (width 0.1))
    (fp_line (start -14.25 -21) (end -14.25 -9.72) (layer F.CrtYd) (width 0.05))
    (fp_line (start 14.25 -21) (end 14.25 -9.72) (layer F.CrtYd) (width 0.05))
    (fp_line (start -14.25 -9.72) (end -9.75 -9.72) (layer F.CrtYd) (width 0.05))
    (fp_line (start 9.75 -9.72) (end 14.25 -9.72) (layer F.CrtYd) (width 0.05))
    (fp_line (start -12.525 -20.75) (end -14 -19.66) (layer Dwgs.User) (width 0.1))
    (fp_line (start -10.525 -20.75) (end -14 -18.045) (layer Dwgs.User) (width 0.1))
    (fp_line (start -8.525 -20.75) (end -14 -16.43) (layer Dwgs.User) (width 0.1))
    (fp_line (start -6.525 -20.75) (end -14 -14.815) (layer Dwgs.User) (width 0.1))
    (fp_line (start -4.525 -20.75) (end -14 -13.2) (layer Dwgs.User) (width 0.1))
    (fp_line (start -2.525 -20.75) (end -14 -11.585) (layer Dwgs.User) (width 0.1))
    (fp_line (start -0.525 -20.75) (end -14 -9.97) (layer Dwgs.User) (width 0.1))
    (fp_line (start 1.475 -20.75) (end -12 -9.97) (layer Dwgs.User) (width 0.1))
    (fp_line (start 3.475 -20.75) (end -10 -9.97) (layer Dwgs.User) (width 0.1))
    (fp_line (start -8 -9.97) (end 5.475 -20.75) (layer Dwgs.User) (width 0.1))
    (fp_line (start 7.475 -20.75) (end -6 -9.97) (layer Dwgs.User) (width 0.1))
    (fp_line (start 9.475 -20.75) (end -4 -9.97) (layer Dwgs.User) (width 0.1))
    (fp_line (start 11.475 -20.75) (end -2 -9.97) (layer Dwgs.User) (width 0.1))
    (fp_line (start 13.475 -20.75) (end 0 -9.97) (layer Dwgs.User) (width 0.1))
    (fp_line (start 14 -19.66) (end 2 -9.97) (layer Dwgs.User) (width 0.1))
    (fp_line (start 14 -18.045) (end 4 -9.97) (layer Dwgs.User) (width 0.1))
    (fp_line (start 14 -16.43) (end 6 -9.97) (layer Dwgs.User) (width 0.1))
    (fp_line (start 14 -14.815) (end 8 -9.97) (layer Dwgs.User) (width 0.1))
    (fp_line (start 14 -13.2) (end 10 -9.97) (layer Dwgs.User) (width 0.1))
    (fp_line (start 14 -11.585) (end 12 -9.97) (layer Dwgs.User) (width 0.1))
    (fp_line (start 9.2 -13.875) (end 13.8 -13.875) (layer Cmts.User) (width 0.1))
    (fp_line (start 13.8 -13.875) (end 13.6 -14.075) (layer Cmts.User) (width 0.1))
    (fp_line (start 13.8 -13.875) (end 13.6 -13.675) (layer Cmts.User) (width 0.1))
    (fp_line (start 9.2 -13.875) (end 9.4 -14.075) (layer Cmts.User) (width 0.1))
    (fp_line (start 9.2 -13.875) (end 9.4 -13.675) (layer Cmts.User) (width 0.1))
    (fp_line (start -13.8 -13.875) (end -13.6 -14.075) (layer Cmts.User) (width 0.1))
    (fp_line (start -13.8 -13.875) (end -13.6 -13.675) (layer Cmts.User) (width 0.1))
    (fp_line (start -9.2 -13.875) (end -9.4 -13.675) (layer Cmts.User) (width 0.1))
    (fp_line (start -13.8 -13.875) (end -9.2 -13.875) (layer Cmts.User) (width 0.1))
    (fp_line (start -9.2 -13.875) (end -9.4 -14.075) (layer Cmts.User) (width 0.1))
    (fp_line (start 8.4 -16) (end 8.2 -16.2) (layer Cmts.User) (width 0.1))
    (fp_line (start 8.4 -16) (end 8.6 -16.2) (layer Cmts.User) (width 0.1))
    (fp_line (start 8.4 -20.6) (end 8.6 -20.4) (layer Cmts.User) (width 0.1))
    (fp_line (start 8.4 -16) (end 8.4 -20.6) (layer Cmts.User) (width 0.1))
    (fp_line (start 8.4 -20.6) (end 8.2 -20.4) (layer Cmts.User) (width 0.1))
    (fp_line (start -9.12 9.1) (end -9.12 9.88) (layer F.SilkS) (width 0.12))
    (fp_line (start -9.12 9.88) (end -8.12 9.88) (layer F.SilkS) (width 0.12))
    (fp_line (start 9.12 9.1) (end 9.12 9.88) (layer F.SilkS) (width 0.12))
    (fp_line (start 9.12 9.88) (end 8.12 9.88) (layer F.SilkS) (width 0.12))
    (fp_line (start -9.12 -15.865) (end 9.12 -15.865) (layer F.SilkS) (width 0.12))
    (fp_line (start 9.12 -15.865) (end 9.12 -9.445) (layer F.SilkS) (width 0.12))
    (fp_line (start -9.12 -15.865) (end -9.12 -9.445) (layer F.SilkS) (width 0.12))
    (fp_line (start -9.12 -9.445) (end -9.5 -9.445) (layer F.SilkS) (width 0.12))
    (fp_text user %R (at 0 0 90) (layer F.Fab)
      (effects (font (size 1 1) (thickness 0.15)))
    )
    (fp_text user "KEEP-OUT ZONE" (at 0 -19 90) (layer Cmts.User)
      (effects (font (size 1 1) (thickness 0.15)))
    )
    (fp_text user Antenna (at 0 -13 90) (layer Cmts.User)
      (effects (font (size 1 1) (thickness 0.15)))
    )
    (fp_text user "5 mm" (at 11.8 -14.375 90) (layer Cmts.User)
      (effects (font (size 0.5 0.5) (thickness 0.1)))
    )
    (fp_text user "5 mm" (at -11.2 -14.375 90) (layer Cmts.User)
      (effects (font (size 0.5 0.5) (thickness 0.1)))
    )
    (fp_text user "5 mm" (at 7.8 -19.075) (layer Cmts.User)
      (effects (font (size 0.5 0.5) (thickness 0.1)))
    )
    (pad 39 smd rect (at -1 -0.755 90) (size 5 5) (layers F.Cu F.Paste F.Mask)
      (net 1 GND))
    (pad 1 smd rect (at -8.5 -8.255 90) (size 2 0.9) (layers F.Cu F.Paste F.Mask)
      (net 1 GND))
    (pad 2 smd rect (at -8.5 -6.985 90) (size 2 0.9) (layers F.Cu F.Paste F.Mask)
      (net 2 +3V3))
    (pad 3 smd rect (at -8.5 -5.715 90) (size 2 0.9) (layers F.Cu F.Paste F.Mask)
      (net 18 EN))
    (pad 4 smd rect (at -8.5 -4.445 90) (size 2 0.9) (layers F.Cu F.Paste F.Mask)
      (net 75 "Net-(U2-Pad4)"))
    (pad 5 smd rect (at -8.5 -3.175 90) (size 2 0.9) (layers F.Cu F.Paste F.Mask)
      (net 76 "Net-(U2-Pad5)"))
    (pad 6 smd rect (at -8.5 -1.905 90) (size 2 0.9) (layers F.Cu F.Paste F.Mask)
      (net 77 "Net-(U2-Pad6)"))
    (pad 7 smd rect (at -8.5 -0.635 90) (size 2 0.9) (layers F.Cu F.Paste F.Mask)
      (net 78 "Net-(U2-Pad7)"))
    (pad 8 smd rect (at -8.5 0.635 90) (size 2 0.9) (layers F.Cu F.Paste F.Mask)
      (net 79 "Net-(U2-Pad8)"))
    (pad 9 smd rect (at -8.5 1.905 90) (size 2 0.9) (layers F.Cu F.Paste F.Mask)
      (net 80 "Net-(U2-Pad9)"))
    (pad 10 smd rect (at -8.5 3.175 90) (size 2 0.9) (layers F.Cu F.Paste F.Mask)
      (net 41 "Net-(J2-Pad46)"))
    (pad 11 smd rect (at -8.5 4.445 90) (size 2 0.9) (layers F.Cu F.Paste F.Mask)
      (net 47 "Net-(J2-Pad36)"))
    (pad 12 smd rect (at -8.5 5.715 90) (size 2 0.9) (layers F.Cu F.Paste F.Mask)
      (net 40 "Net-(J2-Pad10)"))
    (pad 13 smd rect (at -8.5 6.985 90) (size 2 0.9) (layers F.Cu F.Paste F.Mask)
      (net 29 "Net-(U2-Pad13)"))
    (pad 14 smd rect (at -8.5 8.255 90) (size 2 0.9) (layers F.Cu F.Paste F.Mask)
      (net 30 "Net-(U2-Pad14)"))
    (pad 15 smd rect (at -5.715 9.255 180) (size 2 0.9) (layers F.Cu F.Paste F.Mask)
      (net 1 GND))
    (pad 16 smd rect (at -4.445 9.255 180) (size 2 0.9) (layers F.Cu F.Paste F.Mask)
      (net 31 "Net-(U2-Pad16)"))
    (pad 17 smd rect (at -3.175 9.255 180) (size 2 0.9) (layers F.Cu F.Paste F.Mask)
      (net 32 "Net-(U2-Pad17)"))
    (pad 18 smd rect (at -1.905 9.255 180) (size 2 0.9) (layers F.Cu F.Paste F.Mask)
      (net 33 "Net-(U2-Pad18)"))
    (pad 19 smd rect (at -0.635 9.255 180) (size 2 0.9) (layers F.Cu F.Paste F.Mask)
      (net 34 "Net-(U2-Pad19)"))
    (pad 20 smd rect (at 0.635 9.255 180) (size 2 0.9) (layers F.Cu F.Paste F.Mask)
      (net 35 "Net-(U2-Pad20)"))
    (pad 21 smd rect (at 1.905 9.255 180) (size 2 0.9) (layers F.Cu F.Paste F.Mask)
      (net 36 "Net-(U2-Pad21)"))
    (pad 22 smd rect (at 3.175 9.255 180) (size 2 0.9) (layers F.Cu F.Paste F.Mask)
      (net 37 "Net-(U2-Pad22)"))
    (pad 23 smd rect (at 4.445 9.255 180) (size 2 0.9) (layers F.Cu F.Paste F.Mask)
      (net 38 "Net-(U2-Pad23)"))
    (pad 24 smd rect (at 5.715 9.255 180) (size 2 0.9) (layers F.Cu F.Paste F.Mask)
      (net 81 "Net-(U2-Pad24)"))
    (pad 25 smd rect (at 8.5 8.255 90) (size 2 0.9) (layers F.Cu F.Paste F.Mask)
      (net 16 IO0))
    (pad 26 smd rect (at 8.5 6.985 90) (size 2 0.9) (layers F.Cu F.Paste F.Mask)
      (net 82 "Net-(U2-Pad26)"))
    (pad 27 smd rect (at 8.5 5.715 90) (size 2 0.9) (layers F.Cu F.Paste F.Mask)
      (net 39 "Net-(U2-Pad27)"))
    (pad 28 smd rect (at 8.5 4.445 90) (size 2 0.9) (layers F.Cu F.Paste F.Mask)
      (net 83 "Net-(U2-Pad28)"))
    (pad 29 smd rect (at 8.5 3.175 90) (size 2 0.9) (layers F.Cu F.Paste F.Mask)
      (net 45 "Net-(J2-Pad38)"))
    (pad 30 smd rect (at 8.5 1.905 90) (size 2 0.9) (layers F.Cu F.Paste F.Mask)
      (net 46 "Net-(J2-Pad37)"))
    (pad 31 smd rect (at 8.5 0.635 90) (size 2 0.9) (layers F.Cu F.Paste F.Mask)
      (net 50 "Net-(J2-Pad33)"))
    (pad 32 smd rect (at 8.5 -0.635 90) (size 2 0.9) (layers F.Cu F.Paste F.Mask)
      (net 84 "Net-(U2-Pad32)"))
    (pad 33 smd rect (at 8.5 -1.905 90) (size 2 0.9) (layers F.Cu F.Paste F.Mask)
      (net 42 "Net-(J2-Pad45)"))
    (pad 34 smd rect (at 8.5 -3.175 90) (size 2 0.9) (layers F.Cu F.Paste F.Mask)
      (net 28 RXD))
    (pad 35 smd rect (at 8.5 -4.445 90) (size 2 0.9) (layers F.Cu F.Paste F.Mask)
      (net 27 TXD))
    (pad 36 smd rect (at 8.5 -5.715 90) (size 2 0.9) (layers F.Cu F.Paste F.Mask)
      (net 43 "Net-(J2-Pad44)"))
    (pad 37 smd rect (at 8.5 -6.985 90) (size 2 0.9) (layers F.Cu F.Paste F.Mask)
      (net 49 "Net-(J2-Pad34)"))
    (pad 38 smd rect (at 8.5 -8.255 90) (size 2 0.9) (layers F.Cu F.Paste F.Mask)
      (net 1 GND))
    (model ${KISYS3DMOD}/RF_Module.3dshapes/ESP32-WROOM-32.wrl
      (at (xyz 0 0 0))
      (scale (xyz 1 1 1))
      (rotate (xyz 0 0 0))
    )
  )

  (module 62684-50110:62684-50110 (layer F.Cu) (tedit 6133B390) (tstamp 6134D65D)
    (at 174.1475 85.884 90)
    (descr "50-pin 0.5mm pitch top-contact FPC SMT Connector")
    (path /6133B4EE)
    (attr smd)
    (fp_text reference J2 (at -4.95 -13 270) (layer F.SilkS)
      (effects (font (size 0.64 0.64) (thickness 0.15)))
    )
    (fp_text value 62684-50110 (at -0.1 17.05 270) (layer F.Fab)
      (effects (font (size 0.64 0.64) (thickness 0.15)))
    )
    (fp_circle (center -3.45 -12.15) (end -3.45 -12.25) (layer F.SilkS) (width 0.2))
    (fp_circle (center -3.45 -12.15) (end -3.45 -12.25) (layer F.Fab) (width 0.2))
    (fp_line (start -2.15 15.815) (end 2.25 15.815) (layer F.Fab) (width 0.127))
    (fp_line (start 2.25 15.815) (end 2.25 -14.615) (layer F.Fab) (width 0.127))
    (fp_line (start 2.25 -14.615) (end -2.15 -14.615) (layer F.Fab) (width 0.127))
    (fp_line (start -2.15 15.815) (end -2.15 -14.615) (layer F.Fab) (width 0.127))
    (fp_line (start 2.25 15.815) (end 2.25 -14.615) (layer F.SilkS) (width 0.127))
    (fp_line (start 2.25 -14.615) (end 1.3 -14.615) (layer F.SilkS) (width 0.127))
    (fp_line (start 2.25 15.815) (end 1.3 15.815) (layer F.SilkS) (width 0.127))
    (fp_line (start -3.1 16.065) (end 2.5 16.065) (layer F.CrtYd) (width 0.05))
    (fp_line (start 2.5 16.065) (end 2.5 -14.865) (layer F.CrtYd) (width 0.05))
    (fp_line (start 2.5 -14.865) (end -3.1 -14.865) (layer F.CrtYd) (width 0.05))
    (fp_line (start -3.1 -14.865) (end -3.1 16.065) (layer F.CrtYd) (width 0.05))
    (pad 50 smd rect (at -2 12.85) (size 0.3 1.1) (layers F.Cu F.Paste F.Mask)
      (net 1 GND))
    (pad 49 smd rect (at -2 12.35) (size 0.3 1.1) (layers F.Cu F.Paste F.Mask)
      (net 1 GND))
    (pad 48 smd rect (at -2 11.85) (size 0.3 1.1) (layers F.Cu F.Paste F.Mask)
      (net 1 GND))
    (pad 47 smd rect (at -2 11.35) (size 0.3 1.1) (layers F.Cu F.Paste F.Mask)
      (net 40 "Net-(J2-Pad10)"))
    (pad 46 smd rect (at -2 10.85) (size 0.3 1.1) (layers F.Cu F.Paste F.Mask)
      (net 41 "Net-(J2-Pad46)"))
    (pad 45 smd rect (at -2 10.35) (size 0.3 1.1) (layers F.Cu F.Paste F.Mask)
      (net 42 "Net-(J2-Pad45)"))
    (pad 44 smd rect (at -2 9.85) (size 0.3 1.1) (layers F.Cu F.Paste F.Mask)
      (net 43 "Net-(J2-Pad44)"))
    (pad 43 smd rect (at -2 9.35) (size 0.3 1.1) (layers F.Cu F.Paste F.Mask)
      (net 1 GND))
    (pad 42 smd rect (at -2 8.85) (size 0.3 1.1) (layers F.Cu F.Paste F.Mask)
      (net 15 VCC))
    (pad 41 smd rect (at -2 8.35) (size 0.3 1.1) (layers F.Cu F.Paste F.Mask)
      (net 15 VCC))
    (pad 40 smd rect (at -2 7.85) (size 0.3 1.1) (layers F.Cu F.Paste F.Mask)
      (net 15 VCC))
    (pad 39 smd rect (at -2 7.35) (size 0.3 1.1) (layers F.Cu F.Paste F.Mask)
      (net 44 "Net-(J2-Pad39)"))
    (pad 38 smd rect (at -2 6.85) (size 0.3 1.1) (layers F.Cu F.Paste F.Mask)
      (net 45 "Net-(J2-Pad38)"))
    (pad 37 smd rect (at -2 6.35) (size 0.3 1.1) (layers F.Cu F.Paste F.Mask)
      (net 46 "Net-(J2-Pad37)"))
    (pad 36 smd rect (at -2 5.85) (size 0.3 1.1) (layers F.Cu F.Paste F.Mask)
      (net 47 "Net-(J2-Pad36)"))
    (pad 35 smd rect (at -2 5.35) (size 0.3 1.1) (layers F.Cu F.Paste F.Mask)
      (net 48 "Net-(J2-Pad35)"))
    (pad 34 smd rect (at -2 4.85) (size 0.3 1.1) (layers F.Cu F.Paste F.Mask)
      (net 49 "Net-(J2-Pad34)"))
    (pad 33 smd rect (at -2 4.35) (size 0.3 1.1) (layers F.Cu F.Paste F.Mask)
      (net 50 "Net-(J2-Pad33)"))
    (pad 32 smd rect (at -2 3.85) (size 0.3 1.1) (layers F.Cu F.Paste F.Mask)
      (net 51 "Net-(J2-Pad15)"))
    (pad 31 smd rect (at -2 3.35) (size 0.3 1.1) (layers F.Cu F.Paste F.Mask)
      (net 51 "Net-(J2-Pad15)"))
    (pad 30 smd rect (at -2 2.85) (size 0.3 1.1) (layers F.Cu F.Paste F.Mask)
      (net 51 "Net-(J2-Pad15)"))
    (pad 29 smd rect (at -2 2.35) (size 0.3 1.1) (layers F.Cu F.Paste F.Mask)
      (net 51 "Net-(J2-Pad15)"))
    (pad 28 smd rect (at -2 1.85) (size 0.3 1.1) (layers F.Cu F.Paste F.Mask)
      (net 51 "Net-(J2-Pad15)"))
    (pad 27 smd rect (at -2 1.35) (size 0.3 1.1) (layers F.Cu F.Paste F.Mask)
      (net 51 "Net-(J2-Pad15)"))
    (pad 26 smd rect (at -2 0.85) (size 0.3 1.1) (layers F.Cu F.Paste F.Mask)
      (net 51 "Net-(J2-Pad15)"))
    (pad 25 smd rect (at -2 0.35) (size 0.3 1.1) (layers F.Cu F.Paste F.Mask)
      (net 51 "Net-(J2-Pad15)"))
    (pad 24 smd rect (at -2 -0.15) (size 0.3 1.1) (layers F.Cu F.Paste F.Mask)
      (net 51 "Net-(J2-Pad15)"))
    (pad 23 smd rect (at -2 -0.65) (size 0.3 1.1) (layers F.Cu F.Paste F.Mask)
      (net 51 "Net-(J2-Pad15)"))
    (pad 22 smd rect (at -2 -1.15) (size 0.3 1.1) (layers F.Cu F.Paste F.Mask)
      (net 51 "Net-(J2-Pad15)"))
    (pad 21 smd rect (at -2 -1.65) (size 0.3 1.1) (layers F.Cu F.Paste F.Mask)
      (net 51 "Net-(J2-Pad15)"))
    (pad 20 smd rect (at -2 -2.15) (size 0.3 1.1) (layers F.Cu F.Paste F.Mask)
      (net 51 "Net-(J2-Pad15)"))
    (pad 19 smd rect (at -2 -2.65) (size 0.3 1.1) (layers F.Cu F.Paste F.Mask)
      (net 51 "Net-(J2-Pad15)"))
    (pad 18 smd rect (at -2 -3.15) (size 0.3 1.1) (layers F.Cu F.Paste F.Mask)
      (net 51 "Net-(J2-Pad15)"))
    (pad 17 smd rect (at -2 -3.65) (size 0.3 1.1) (layers F.Cu F.Paste F.Mask)
      (net 51 "Net-(J2-Pad15)"))
    (pad 16 smd rect (at -2 -4.15) (size 0.3 1.1) (layers F.Cu F.Paste F.Mask)
      (net 51 "Net-(J2-Pad15)"))
    (pad 15 smd rect (at -2 -4.65) (size 0.3 1.1) (layers F.Cu F.Paste F.Mask)
      (net 51 "Net-(J2-Pad15)"))
    (pad 14 smd rect (at -2 -5.15) (size 0.3 1.1) (layers F.Cu F.Paste F.Mask)
      (net 52 "Net-(J2-Pad14)"))
    (pad 13 smd rect (at -2 -5.65) (size 0.3 1.1) (layers F.Cu F.Paste F.Mask)
      (net 53 "Net-(J2-Pad13)"))
    (pad 12 smd rect (at -2 -6.15) (size 0.3 1.1) (layers F.Cu F.Paste F.Mask)
      (net 54 "Net-(J2-Pad12)"))
    (pad 11 smd rect (at -2 -6.65) (size 0.3 1.1) (layers F.Cu F.Paste F.Mask)
      (net 55 "Net-(J2-Pad11)"))
    (pad 10 smd rect (at -2 -7.15) (size 0.3 1.1) (layers F.Cu F.Paste F.Mask)
      (net 40 "Net-(J2-Pad10)"))
    (pad 9 smd rect (at -2 -7.65) (size 0.3 1.1) (layers F.Cu F.Paste F.Mask)
      (net 15 VCC))
    (pad 8 smd rect (at -2 -8.15) (size 0.3 1.1) (layers F.Cu F.Paste F.Mask)
      (net 15 VCC))
    (pad 7 smd rect (at -2 -8.65) (size 0.3 1.1) (layers F.Cu F.Paste F.Mask)
      (net 15 VCC))
    (pad S2 smd rect (at -0.6 14.52 180) (size 2.3 3.1) (layers F.Cu F.Paste F.Mask)
      (net 56 "Net-(J2-PadS2)"))
    (pad S1 smd rect (at -0.6 -13.32 180) (size 2.3 3.1) (layers F.Cu F.Paste F.Mask)
      (net 57 "Net-(J2-PadS1)"))
    (pad 6 smd rect (at -2 -9.15) (size 0.3 1.1) (layers F.Cu F.Paste F.Mask)
      (net 1 GND))
    (pad 5 smd rect (at -2 -9.65) (size 0.3 1.1) (layers F.Cu F.Paste F.Mask)
      (net 58 "Net-(J2-Pad5)"))
    (pad 4 smd rect (at -2 -10.15) (size 0.3 1.1) (layers F.Cu F.Paste F.Mask)
      (net 59 "Net-(J2-Pad4)"))
    (pad 3 smd rect (at -2 -10.65) (size 0.3 1.1) (layers F.Cu F.Paste F.Mask)
      (net 60 "Net-(J2-Pad3)"))
    (pad 2 smd rect (at -2 -11.15) (size 0.3 1.1) (layers F.Cu F.Paste F.Mask)
      (net 61 "Net-(J2-Pad2)"))
    (pad 1 smd rect (at -2 -11.65) (size 0.3 1.1) (layers F.Cu F.Paste F.Mask)
      (net 62 "Net-(J2-Pad1)"))
  )

  (module Capacitor_SMD:C_0603_1608Metric (layer F.Cu) (tedit 5F68FEEE) (tstamp 6135265A)
    (at 136.7155 123.825 180)
    (descr "Capacitor SMD 0603 (1608 Metric), square (rectangular) end terminal, IPC_7351 nominal, (Body size source: IPC-SM-782 page 76, https://www.pcb-3d.com/wordpress/wp-content/uploads/ipc-sm-782a_amendment_1_and_2.pdf), generated with kicad-footprint-generator")
    (tags capacitor)
    (path /6136C024)
    (attr smd)
    (fp_text reference C6 (at 2.54 0) (layer F.SilkS)
      (effects (font (size 1 1) (thickness 0.15)))
    )
    (fp_text value 22μF (at 5.3975 -0.0635) (layer F.Fab)
      (effects (font (size 1 1) (thickness 0.15)))
    )
    (fp_line (start -0.8 0.4) (end -0.8 -0.4) (layer F.Fab) (width 0.1))
    (fp_line (start -0.8 -0.4) (end 0.8 -0.4) (layer F.Fab) (width 0.1))
    (fp_line (start 0.8 -0.4) (end 0.8 0.4) (layer F.Fab) (width 0.1))
    (fp_line (start 0.8 0.4) (end -0.8 0.4) (layer F.Fab) (width 0.1))
    (fp_line (start -0.14058 -0.51) (end 0.14058 -0.51) (layer F.SilkS) (width 0.12))
    (fp_line (start -0.14058 0.51) (end 0.14058 0.51) (layer F.SilkS) (width 0.12))
    (fp_line (start -1.48 0.73) (end -1.48 -0.73) (layer F.CrtYd) (width 0.05))
    (fp_line (start -1.48 -0.73) (end 1.48 -0.73) (layer F.CrtYd) (width 0.05))
    (fp_line (start 1.48 -0.73) (end 1.48 0.73) (layer F.CrtYd) (width 0.05))
    (fp_line (start 1.48 0.73) (end -1.48 0.73) (layer F.CrtYd) (width 0.05))
    (fp_text user %R (at 0 0) (layer F.Fab)
      (effects (font (size 0.4 0.4) (thickness 0.06)))
    )
    (pad 2 smd roundrect (at 0.775 0 180) (size 0.9 0.95) (layers F.Cu F.Paste F.Mask) (roundrect_rratio 0.25)
      (net 1 GND))
    (pad 1 smd roundrect (at -0.775 0 180) (size 0.9 0.95) (layers F.Cu F.Paste F.Mask) (roundrect_rratio 0.25)
      (net 2 +3V3))
    (model ${KISYS3DMOD}/Capacitor_SMD.3dshapes/C_0603_1608Metric.wrl
      (at (xyz 0 0 0))
      (scale (xyz 1 1 1))
      (rotate (xyz 0 0 0))
    )
  )

  (module Capacitor_SMD:C_0603_1608Metric (layer F.Cu) (tedit 5F68FEEE) (tstamp 6135266A)
    (at 136.7155 125.5395 180)
    (descr "Capacitor SMD 0603 (1608 Metric), square (rectangular) end terminal, IPC_7351 nominal, (Body size source: IPC-SM-782 page 76, https://www.pcb-3d.com/wordpress/wp-content/uploads/ipc-sm-782a_amendment_1_and_2.pdf), generated with kicad-footprint-generator")
    (tags capacitor)
    (path /6136B483)
    (attr smd)
    (fp_text reference C7 (at 2.54 -0.127) (layer F.SilkS)
      (effects (font (size 1 1) (thickness 0.15)))
    )
    (fp_text value 0.1μF (at 5.588 -0.1905) (layer F.Fab)
      (effects (font (size 1 1) (thickness 0.15)))
    )
    (fp_line (start 1.48 0.73) (end -1.48 0.73) (layer F.CrtYd) (width 0.05))
    (fp_line (start 1.48 -0.73) (end 1.48 0.73) (layer F.CrtYd) (width 0.05))
    (fp_line (start -1.48 -0.73) (end 1.48 -0.73) (layer F.CrtYd) (width 0.05))
    (fp_line (start -1.48 0.73) (end -1.48 -0.73) (layer F.CrtYd) (width 0.05))
    (fp_line (start -0.14058 0.51) (end 0.14058 0.51) (layer F.SilkS) (width 0.12))
    (fp_line (start -0.14058 -0.51) (end 0.14058 -0.51) (layer F.SilkS) (width 0.12))
    (fp_line (start 0.8 0.4) (end -0.8 0.4) (layer F.Fab) (width 0.1))
    (fp_line (start 0.8 -0.4) (end 0.8 0.4) (layer F.Fab) (width 0.1))
    (fp_line (start -0.8 -0.4) (end 0.8 -0.4) (layer F.Fab) (width 0.1))
    (fp_line (start -0.8 0.4) (end -0.8 -0.4) (layer F.Fab) (width 0.1))
    (fp_text user %R (at 0 0) (layer F.Fab)
      (effects (font (size 0.4 0.4) (thickness 0.06)))
    )
    (pad 1 smd roundrect (at -0.775 0 180) (size 0.9 0.95) (layers F.Cu F.Paste F.Mask) (roundrect_rratio 0.25)
      (net 2 +3V3))
    (pad 2 smd roundrect (at 0.775 0 180) (size 0.9 0.95) (layers F.Cu F.Paste F.Mask) (roundrect_rratio 0.25)
      (net 1 GND))
    (model ${KISYS3DMOD}/Capacitor_SMD.3dshapes/C_0603_1608Metric.wrl
      (at (xyz 0 0 0))
      (scale (xyz 1 1 1))
      (rotate (xyz 0 0 0))
    )
  )

  (module Capacitor_SMD:C_0603_1608Metric (layer F.Cu) (tedit 5F68FEEE) (tstamp 6135268A)
    (at 150.241 86.614)
    (descr "Capacitor SMD 0603 (1608 Metric), square (rectangular) end terminal, IPC_7351 nominal, (Body size source: IPC-SM-782 page 76, https://www.pcb-3d.com/wordpress/wp-content/uploads/ipc-sm-782a_amendment_1_and_2.pdf), generated with kicad-footprint-generator")
    (tags capacitor)
    (path /618665D9)
    (attr smd)
    (fp_text reference C3 (at 0 -1.43) (layer F.SilkS)
      (effects (font (size 1 1) (thickness 0.15)))
    )
    (fp_text value 0.1μF (at 0 1.43) (layer F.Fab)
      (effects (font (size 1 1) (thickness 0.15)))
    )
    (fp_line (start 1.48 0.73) (end -1.48 0.73) (layer F.CrtYd) (width 0.05))
    (fp_line (start 1.48 -0.73) (end 1.48 0.73) (layer F.CrtYd) (width 0.05))
    (fp_line (start -1.48 -0.73) (end 1.48 -0.73) (layer F.CrtYd) (width 0.05))
    (fp_line (start -1.48 0.73) (end -1.48 -0.73) (layer F.CrtYd) (width 0.05))
    (fp_line (start -0.14058 0.51) (end 0.14058 0.51) (layer F.SilkS) (width 0.12))
    (fp_line (start -0.14058 -0.51) (end 0.14058 -0.51) (layer F.SilkS) (width 0.12))
    (fp_line (start 0.8 0.4) (end -0.8 0.4) (layer F.Fab) (width 0.1))
    (fp_line (start 0.8 -0.4) (end 0.8 0.4) (layer F.Fab) (width 0.1))
    (fp_line (start -0.8 -0.4) (end 0.8 -0.4) (layer F.Fab) (width 0.1))
    (fp_line (start -0.8 0.4) (end -0.8 -0.4) (layer F.Fab) (width 0.1))
    (fp_text user %R (at 0 0) (layer F.Fab)
      (effects (font (size 0.4 0.4) (thickness 0.06)))
    )
    (pad 1 smd roundrect (at -0.775 0) (size 0.9 0.95) (layers F.Cu F.Paste F.Mask) (roundrect_rratio 0.25)
      (net 1 GND))
    (pad 2 smd roundrect (at 0.775 0) (size 0.9 0.95) (layers F.Cu F.Paste F.Mask) (roundrect_rratio 0.25)
      (net 16 IO0))
    (model ${KISYS3DMOD}/Capacitor_SMD.3dshapes/C_0603_1608Metric.wrl
      (at (xyz 0 0 0))
      (scale (xyz 1 1 1))
      (rotate (xyz 0 0 0))
    )
  )

  (module Capacitor_SMD:C_0603_1608Metric (layer F.Cu) (tedit 5F68FEEE) (tstamp 6135269B)
    (at 136.652 127.889 180)
    (descr "Capacitor SMD 0603 (1608 Metric), square (rectangular) end terminal, IPC_7351 nominal, (Body size source: IPC-SM-782 page 76, https://www.pcb-3d.com/wordpress/wp-content/uploads/ipc-sm-782a_amendment_1_and_2.pdf), generated with kicad-footprint-generator")
    (tags capacitor)
    (path /61513BF7)
    (attr smd)
    (fp_text reference C9 (at 2.6035 -0.127) (layer F.SilkS)
      (effects (font (size 1 1) (thickness 0.15)))
    )
    (fp_text value 22μF (at 5.334 -0.1905) (layer F.Fab)
      (effects (font (size 1 1) (thickness 0.15)))
    )
    (fp_line (start 1.48 0.73) (end -1.48 0.73) (layer F.CrtYd) (width 0.05))
    (fp_line (start 1.48 -0.73) (end 1.48 0.73) (layer F.CrtYd) (width 0.05))
    (fp_line (start -1.48 -0.73) (end 1.48 -0.73) (layer F.CrtYd) (width 0.05))
    (fp_line (start -1.48 0.73) (end -1.48 -0.73) (layer F.CrtYd) (width 0.05))
    (fp_line (start -0.14058 0.51) (end 0.14058 0.51) (layer F.SilkS) (width 0.12))
    (fp_line (start -0.14058 -0.51) (end 0.14058 -0.51) (layer F.SilkS) (width 0.12))
    (fp_line (start 0.8 0.4) (end -0.8 0.4) (layer F.Fab) (width 0.1))
    (fp_line (start 0.8 -0.4) (end 0.8 0.4) (layer F.Fab) (width 0.1))
    (fp_line (start -0.8 -0.4) (end 0.8 -0.4) (layer F.Fab) (width 0.1))
    (fp_line (start -0.8 0.4) (end -0.8 -0.4) (layer F.Fab) (width 0.1))
    (fp_text user %R (at 0 0) (layer F.Fab)
      (effects (font (size 0.4 0.4) (thickness 0.06)))
    )
    (pad 1 smd roundrect (at -0.775 0 180) (size 0.9 0.95) (layers F.Cu F.Paste F.Mask) (roundrect_rratio 0.25)
      (net 2 +3V3))
    (pad 2 smd roundrect (at 0.775 0 180) (size 0.9 0.95) (layers F.Cu F.Paste F.Mask) (roundrect_rratio 0.25)
      (net 1 GND))
    (model ${KISYS3DMOD}/Capacitor_SMD.3dshapes/C_0603_1608Metric.wrl
      (at (xyz 0 0 0))
      (scale (xyz 1 1 1))
      (rotate (xyz 0 0 0))
    )
  )

  (module Capacitor_SMD:C_0603_1608Metric (layer F.Cu) (tedit 5F68FEEE) (tstamp 613526AC)
    (at 117.475 146.431 270)
    (descr "Capacitor SMD 0603 (1608 Metric), square (rectangular) end terminal, IPC_7351 nominal, (Body size source: IPC-SM-782 page 76, https://www.pcb-3d.com/wordpress/wp-content/uploads/ipc-sm-782a_amendment_1_and_2.pdf), generated with kicad-footprint-generator")
    (tags capacitor)
    (path /613CAB37)
    (attr smd)
    (fp_text reference C1 (at 2.4765 0 90) (layer F.SilkS)
      (effects (font (size 1 1) (thickness 0.15)))
    )
    (fp_text value 4.7μF/6.3V (at 8.001 0 90) (layer F.Fab)
      (effects (font (size 1 1) (thickness 0.15)))
    )
    (fp_line (start -0.8 0.4) (end -0.8 -0.4) (layer F.Fab) (width 0.1))
    (fp_line (start -0.8 -0.4) (end 0.8 -0.4) (layer F.Fab) (width 0.1))
    (fp_line (start 0.8 -0.4) (end 0.8 0.4) (layer F.Fab) (width 0.1))
    (fp_line (start 0.8 0.4) (end -0.8 0.4) (layer F.Fab) (width 0.1))
    (fp_line (start -0.14058 -0.51) (end 0.14058 -0.51) (layer F.SilkS) (width 0.12))
    (fp_line (start -0.14058 0.51) (end 0.14058 0.51) (layer F.SilkS) (width 0.12))
    (fp_line (start -1.48 0.73) (end -1.48 -0.73) (layer F.CrtYd) (width 0.05))
    (fp_line (start -1.48 -0.73) (end 1.48 -0.73) (layer F.CrtYd) (width 0.05))
    (fp_line (start 1.48 -0.73) (end 1.48 0.73) (layer F.CrtYd) (width 0.05))
    (fp_line (start 1.48 0.73) (end -1.48 0.73) (layer F.CrtYd) (width 0.05))
    (fp_text user %R (at 0 0 90) (layer F.Fab)
      (effects (font (size 0.4 0.4) (thickness 0.06)))
    )
    (pad 2 smd roundrect (at 0.775 0 270) (size 0.9 0.95) (layers F.Cu F.Paste F.Mask) (roundrect_rratio 0.25)
      (net 1 GND))
    (pad 1 smd roundrect (at -0.775 0 270) (size 0.9 0.95) (layers F.Cu F.Paste F.Mask) (roundrect_rratio 0.25)
      (net 17 VBUS))
    (model ${KISYS3DMOD}/Capacitor_SMD.3dshapes/C_0603_1608Metric.wrl
      (at (xyz 0 0 0))
      (scale (xyz 1 1 1))
      (rotate (xyz 0 0 0))
    )
  )

  (module Capacitor_SMD:C_0603_1608Metric (layer F.Cu) (tedit 5F68FEEE) (tstamp 613526BD)
    (at 115.697 146.431 270)
    (descr "Capacitor SMD 0603 (1608 Metric), square (rectangular) end terminal, IPC_7351 nominal, (Body size source: IPC-SM-782 page 76, https://www.pcb-3d.com/wordpress/wp-content/uploads/ipc-sm-782a_amendment_1_and_2.pdf), generated with kicad-footprint-generator")
    (tags capacitor)
    (path /613CAB31)
    (attr smd)
    (fp_text reference C2 (at 2.54 -0.0635 90) (layer F.SilkS)
      (effects (font (size 1 1) (thickness 0.15)))
    )
    (fp_text value 0.1μF/50V (at 7.8105 -0.127 90) (layer F.Fab)
      (effects (font (size 1 1) (thickness 0.15)))
    )
    (fp_line (start 1.48 0.73) (end -1.48 0.73) (layer F.CrtYd) (width 0.05))
    (fp_line (start 1.48 -0.73) (end 1.48 0.73) (layer F.CrtYd) (width 0.05))
    (fp_line (start -1.48 -0.73) (end 1.48 -0.73) (layer F.CrtYd) (width 0.05))
    (fp_line (start -1.48 0.73) (end -1.48 -0.73) (layer F.CrtYd) (width 0.05))
    (fp_line (start -0.14058 0.51) (end 0.14058 0.51) (layer F.SilkS) (width 0.12))
    (fp_line (start -0.14058 -0.51) (end 0.14058 -0.51) (layer F.SilkS) (width 0.12))
    (fp_line (start 0.8 0.4) (end -0.8 0.4) (layer F.Fab) (width 0.1))
    (fp_line (start 0.8 -0.4) (end 0.8 0.4) (layer F.Fab) (width 0.1))
    (fp_line (start -0.8 -0.4) (end 0.8 -0.4) (layer F.Fab) (width 0.1))
    (fp_line (start -0.8 0.4) (end -0.8 -0.4) (layer F.Fab) (width 0.1))
    (fp_text user %R (at 0 0 90) (layer F.Fab)
      (effects (font (size 0.4 0.4) (thickness 0.06)))
    )
    (pad 1 smd roundrect (at -0.775 0 270) (size 0.9 0.95) (layers F.Cu F.Paste F.Mask) (roundrect_rratio 0.25)
      (net 17 VBUS))
    (pad 2 smd roundrect (at 0.775 0 270) (size 0.9 0.95) (layers F.Cu F.Paste F.Mask) (roundrect_rratio 0.25)
      (net 1 GND))
    (model ${KISYS3DMOD}/Capacitor_SMD.3dshapes/C_0603_1608Metric.wrl
      (at (xyz 0 0 0))
      (scale (xyz 1 1 1))
      (rotate (xyz 0 0 0))
    )
  )

  (module Capacitor_SMD:C_0603_1608Metric (layer F.Cu) (tedit 5F68FEEE) (tstamp 613526CE)
    (at 161.684 155.067)
    (descr "Capacitor SMD 0603 (1608 Metric), square (rectangular) end terminal, IPC_7351 nominal, (Body size source: IPC-SM-782 page 76, https://www.pcb-3d.com/wordpress/wp-content/uploads/ipc-sm-782a_amendment_1_and_2.pdf), generated with kicad-footprint-generator")
    (tags capacitor)
    (path /6188BF0D)
    (attr smd)
    (fp_text reference C4 (at 0 -1.43) (layer F.SilkS)
      (effects (font (size 1 1) (thickness 0.15)))
    )
    (fp_text value 0.1μF (at 0 1.43) (layer F.Fab)
      (effects (font (size 1 1) (thickness 0.15)))
    )
    (fp_line (start -0.8 0.4) (end -0.8 -0.4) (layer F.Fab) (width 0.1))
    (fp_line (start -0.8 -0.4) (end 0.8 -0.4) (layer F.Fab) (width 0.1))
    (fp_line (start 0.8 -0.4) (end 0.8 0.4) (layer F.Fab) (width 0.1))
    (fp_line (start 0.8 0.4) (end -0.8 0.4) (layer F.Fab) (width 0.1))
    (fp_line (start -0.14058 -0.51) (end 0.14058 -0.51) (layer F.SilkS) (width 0.12))
    (fp_line (start -0.14058 0.51) (end 0.14058 0.51) (layer F.SilkS) (width 0.12))
    (fp_line (start -1.48 0.73) (end -1.48 -0.73) (layer F.CrtYd) (width 0.05))
    (fp_line (start -1.48 -0.73) (end 1.48 -0.73) (layer F.CrtYd) (width 0.05))
    (fp_line (start 1.48 -0.73) (end 1.48 0.73) (layer F.CrtYd) (width 0.05))
    (fp_line (start 1.48 0.73) (end -1.48 0.73) (layer F.CrtYd) (width 0.05))
    (fp_text user %R (at 0 0) (layer F.Fab)
      (effects (font (size 0.4 0.4) (thickness 0.06)))
    )
    (pad 2 smd roundrect (at 0.775 0) (size 0.9 0.95) (layers F.Cu F.Paste F.Mask) (roundrect_rratio 0.25)
      (net 18 EN))
    (pad 1 smd roundrect (at -0.775 0) (size 0.9 0.95) (layers F.Cu F.Paste F.Mask) (roundrect_rratio 0.25)
      (net 1 GND))
    (model ${KISYS3DMOD}/Capacitor_SMD.3dshapes/C_0603_1608Metric.wrl
      (at (xyz 0 0 0))
      (scale (xyz 1 1 1))
      (rotate (xyz 0 0 0))
    )
  )

  (module Capacitor_SMD:C_0603_1608Metric (layer F.Cu) (tedit 5F68FEEE) (tstamp 613526DF)
    (at 141.7955 126.1745 270)
    (descr "Capacitor SMD 0603 (1608 Metric), square (rectangular) end terminal, IPC_7351 nominal, (Body size source: IPC-SM-782 page 76, https://www.pcb-3d.com/wordpress/wp-content/uploads/ipc-sm-782a_amendment_1_and_2.pdf), generated with kicad-footprint-generator")
    (tags capacitor)
    (path /61898E90)
    (attr smd)
    (fp_text reference C5 (at 2.3495 -0.127 180) (layer F.SilkS)
      (effects (font (size 1 1) (thickness 0.15)))
    )
    (fp_text value 0.1μF (at 0.127 -3.048 180) (layer F.Fab)
      (effects (font (size 1 1) (thickness 0.15)))
    )
    (fp_line (start 1.48 0.73) (end -1.48 0.73) (layer F.CrtYd) (width 0.05))
    (fp_line (start 1.48 -0.73) (end 1.48 0.73) (layer F.CrtYd) (width 0.05))
    (fp_line (start -1.48 -0.73) (end 1.48 -0.73) (layer F.CrtYd) (width 0.05))
    (fp_line (start -1.48 0.73) (end -1.48 -0.73) (layer F.CrtYd) (width 0.05))
    (fp_line (start -0.14058 0.51) (end 0.14058 0.51) (layer F.SilkS) (width 0.12))
    (fp_line (start -0.14058 -0.51) (end 0.14058 -0.51) (layer F.SilkS) (width 0.12))
    (fp_line (start 0.8 0.4) (end -0.8 0.4) (layer F.Fab) (width 0.1))
    (fp_line (start 0.8 -0.4) (end 0.8 0.4) (layer F.Fab) (width 0.1))
    (fp_line (start -0.8 -0.4) (end 0.8 -0.4) (layer F.Fab) (width 0.1))
